PDB_ID,Chain,Res_Name,Res_ID,Label,Node_Degree_10A,Sec_Struct,Is_Helix,Is_Sheet,Is_Coil,RSA,Coord_X,Coord_Y,Coord_Z
6ejm_complex,H,VAL,40,0,11,-,0.0,0.0,1.0,0.8873,-8.15,41.77,30.03
6ejm_complex,H,MET,41,0,13,E,0.0,1.0,0.0,0.5266,-10.62,43.9,27.99
6ejm_complex,H,LEU,42,0,23,E,0.0,1.0,0.0,0.0122,-13.6,43.78,25.52
6ejm_complex,H,VAL,43,0,18,E,0.0,1.0,0.0,0.4859,-15.49,46.99,24.93
6ejm_complex,H,GLU,44,0,22,E,0.0,1.0,0.0,0.0619,-18.75,47.11,22.89
6ejm_complex,H,SER,45,0,19,E,0.0,1.0,0.0,0.5154,-20.39,50.08,21.28
6ejm_complex,H,GLY,46,0,15,-,0.0,0.0,1.0,0.4167,-22.78,50.79,18.42
6ejm_complex,H,GLY,47,0,19,-,0.0,0.0,1.0,0.2857,-26.12,49.95,20.11
6ejm_complex,H,GLY,48,0,15,E,0.0,1.0,0.0,0.25,-29.03,52.37,20.17
6ejm_complex,H,PHE,49,0,17,E,0.0,1.0,0.0,0.7462,-32.68,53.05,19.63
6ejm_complex,H,VAL,50,0,20,E,0.0,1.0,0.0,0.1197,-33.95,51.88,16.36
6ejm_complex,H,LYS,51,0,16,-,0.0,0.0,1.0,0.5317,-37.26,51.51,14.53
6ejm_complex,H,PRO,52,0,17,T,0.0,0.0,1.0,0.5074,-38.72,48.05,13.7
6ejm_complex,H,GLY,53,0,13,T,0.0,0.0,1.0,0.6667,-37.26,46.85,10.45
6ejm_complex,H,GLY,54,0,14,-,0.0,0.0,1.0,0.2262,-34.19,49.06,11.18
6ejm_complex,H,SER,55,0,18,-,0.0,0.0,1.0,0.5308,-30.39,48.35,11.2
6ejm_complex,H,LEU,56,0,18,E,0.0,1.0,0.0,0.2073,-27.41,48.9,13.53
6ejm_complex,H,LYS,57,0,16,E,0.0,1.0,0.0,0.4829,-23.87,47.6,13.59
6ejm_complex,H,LEU,58,0,23,E,0.0,1.0,0.0,0.0,-22.32,46.67,16.91
6ejm_complex,H,SER,59,0,23,E,0.0,1.0,0.0,0.2308,-18.6,46.45,17.54
6ejm_complex,H,CYS,60,0,25,E,0.0,1.0,0.0,0.0,-16.36,45.14,20.19
6ejm_complex,H,ALA,61,0,18,E,0.0,1.0,0.0,0.5,-12.76,46.24,20.67
6ejm_complex,H,ALA,62,0,24,E,0.0,1.0,0.0,0.0943,-10.59,43.52,22.17
6ejm_complex,H,SER,63,0,14,E,0.0,1.0,0.0,0.4385,-7.24,43.83,23.97
6ejm_complex,H,GLY,64,0,8,S,0.0,0.0,1.0,0.7262,-4.93,41.83,26.25
6ejm_complex,H,PHE,65,0,14,S,0.0,0.0,1.0,0.1269,-5.36,38.36,24.78
6ejm_complex,H,THR,66,0,11,-,0.0,0.0,1.0,0.6408,-4.74,36.67,21.53
6ejm_complex,H,PHE,67,0,22,G,1.0,0.0,0.0,0.0102,-7.91,37.77,19.74
6ejm_complex,H,ARG,68,1,19,G,1.0,0.0,0.0,0.5403,-7.11,36.27,16.26
6ejm_complex,H,SER,69,1,13,G,1.0,0.0,0.0,0.6385,-7.0,32.82,17.75
6ejm_complex,H,TYR,70,0,19,S,0.0,0.0,1.0,0.1982,-10.18,33.17,19.85
6ejm_complex,H,ILE,71,1,20,-,0.0,0.0,1.0,0.4379,-13.51,31.77,18.62
6ejm_complex,H,MET,72,0,25,E,0.0,1.0,0.0,0.0,-15.76,34.71,19.52
6ejm_complex,H,SER,73,0,27,E,0.0,1.0,0.0,0.0,-19.5,34.99,20.28
6ejm_complex,H,TRP,74,0,26,E,0.0,1.0,0.0,0.0,-22.33,37.45,20.74
6ejm_complex,H,VAL,75,0,22,E,0.0,1.0,0.0,0.0,-24.83,36.63,23.51
6ejm_complex,H,ARG,76,0,24,E,0.0,1.0,0.0,0.0323,-27.84,38.84,24.21
6ejm_complex,H,GLN,77,0,20,E,0.0,1.0,0.0,0.101,-29.69,39.46,27.42
6ejm_complex,H,THR,78,0,18,-,0.0,0.0,1.0,0.0634,-33.4,40.28,27.06
6ejm_complex,H,PRO,79,0,13,T,0.0,0.0,1.0,0.5735,-35.43,42.77,29.13
6ejm_complex,H,GLU,80,0,8,T,0.0,0.0,1.0,0.6443,-36.79,39.69,30.99
6ejm_complex,H,LYS,81,0,14,-,0.0,0.0,1.0,0.5805,-33.17,38.53,31.71
6ejm_complex,H,ARG,82,0,15,-,0.0,0.0,1.0,0.4153,-33.01,35.47,29.51
6ejm_complex,H,LEU,83,0,24,E,0.0,1.0,0.0,0.0488,-29.62,34.83,27.88
6ejm_complex,H,GLU,84,0,20,E,0.0,1.0,0.0,0.3402,-29.73,33.96,24.22
6ejm_complex,H,TRP,85,1,22,E,0.0,1.0,0.0,0.0617,-26.91,32.93,21.98
6ejm_complex,H,VAL,86,0,25,E,0.0,1.0,0.0,0.0,-26.85,35.14,18.86
6ejm_complex,H,ALA,87,0,24,E,0.0,1.0,0.0,0.0,-23.73,34.19,16.86
6ejm_complex,H,THR,88,1,25,E,0.0,1.0,0.0,0.0775,-20.32,32.65,16.87
6ejm_complex,H,ILE,89,0,22,E,0.0,1.0,0.0,0.0237,-17.31,33.11,14.53
6ejm_complex,H,SER,90,1,17,-,0.0,0.0,1.0,0.1462,-14.02,31.13,14.29
6ejm_complex,H,GLY,91,1,16,T,0.0,0.0,1.0,0.119,-10.58,32.72,14.97
6ejm_complex,H,GLY,92,1,15,T,0.0,0.0,1.0,0.8929,-9.92,33.19,11.23
6ejm_complex,H,GLY,93,1,17,S,0.0,0.0,1.0,0.3452,-13.49,34.18,10.34
6ejm_complex,H,GLY,94,1,8,S,0.0,0.0,1.0,0.8571,-14.12,31.32,7.88
6ejm_complex,H,ASN,95,1,11,-,0.0,0.0,1.0,0.5924,-16.93,29.6,9.98
6ejm_complex,H,THR,96,0,15,E,0.0,1.0,0.0,0.4296,-19.94,31.65,11.2
6ejm_complex,H,TYR,97,1,16,E,0.0,1.0,0.0,0.4279,-22.8,30.12,13.27
6ejm_complex,H,TYR,98,0,22,-,0.0,0.0,1.0,0.1306,-26.28,31.48,14.05
6ejm_complex,H,PRO,99,0,17,-,0.0,0.0,1.0,0.0735,-29.44,30.11,15.6
6ejm_complex,H,ASP,100,0,10,T,0.0,0.0,1.0,0.7853,-32.51,30.16,13.26
6ejm_complex,H,SER,101,0,12,T,0.0,0.0,1.0,0.5,-34.01,33.26,15.04
6ejm_complex,H,VAL,102,0,17,T,0.0,0.0,1.0,0.007,-31.36,35.57,13.62
6ejm_complex,H,LYS,103,0,12,T,0.0,0.0,1.0,0.6537,-29.98,33.63,10.69
6ejm_complex,H,GLY,104,0,12,T,0.0,0.0,1.0,0.8929,-30.01,35.75,7.49
6ejm_complex,H,ARG,105,0,14,T,0.0,0.0,1.0,0.1089,-30.76,38.98,9.44
6ejm_complex,H,PHE,106,0,20,-,0.0,0.0,1.0,0.0102,-27.56,39.28,11.56
6ejm_complex,H,THR,107,0,20,E,0.0,1.0,0.0,0.5211,-24.02,38.89,10.26
6ejm_complex,H,ILE,108,0,23,E,0.0,1.0,0.0,0.0237,-21.13,38.34,12.63
6ejm_complex,H,SER,109,0,22,E,0.0,1.0,0.0,0.3077,-17.64,39.32,11.37
6ejm_complex,H,ARG,110,0,21,E,0.0,1.0,0.0,0.1169,-14.25,40.32,12.74
6ejm_complex,H,ASP,111,0,14,E,0.0,1.0,0.0,0.319,-11.18,42.33,11.69
6ejm_complex,H,ASN,112,0,16,G,1.0,0.0,0.0,0.172,-8.28,40.59,13.35
6ejm_complex,H,ALA,113,0,8,G,1.0,0.0,0.0,0.8491,-5.75,43.27,12.33
6ejm_complex,H,LYS,114,0,12,G,1.0,0.0,0.0,0.6976,-7.88,45.8,14.26
6ejm_complex,H,ASN,115,0,16,T,0.0,0.0,1.0,0.293,-8.68,43.36,17.04
6ejm_complex,H,THR,116,0,19,E,0.0,1.0,0.0,0.1479,-12.45,44.09,16.53
6ejm_complex,H,LEU,117,0,25,E,0.0,1.0,0.0,0.0,-15.56,41.87,16.48
6ejm_complex,H,TYR,118,0,21,E,0.0,1.0,0.0,0.1892,-18.67,43.04,14.66
6ejm_complex,H,LEU,119,0,22,E,0.0,1.0,0.0,0.0,-22.43,42.33,14.53
6ejm_complex,H,GLN,120,0,15,E,0.0,1.0,0.0,0.3384,-24.48,43.74,11.68
6ejm_complex,H,LEU,121,0,21,E,0.0,1.0,0.0,0.0,-28.17,43.77,12.73
6ejm_complex,H,SER,122,0,17,-,0.0,0.0,1.0,0.2462,-30.93,44.21,10.08
6ejm_complex,H,SER,123,0,15,S,0.0,0.0,1.0,0.5231,-34.72,43.61,9.81
6ejm_complex,H,LEU,124,0,22,-,0.0,0.0,1.0,0.0122,-34.77,44.32,13.52
6ejm_complex,H,ARG,125,0,16,-,0.0,0.0,1.0,0.4435,-37.83,43.59,15.48
6ejm_complex,H,SER,126,0,15,G,1.0,0.0,0.0,0.5692,-39.1,44.11,18.95
6ejm_complex,H,GLU,127,0,13,G,1.0,0.0,0.0,0.6031,-37.92,40.71,20.26
6ejm_complex,H,ASP,128,0,22,G,1.0,0.0,0.0,0.0123,-34.35,41.72,19.38
6ejm_complex,H,THR,129,0,20,-,0.0,0.0,1.0,0.1831,-34.32,44.37,22.14
6ejm_complex,H,ALA,130,0,24,E,0.0,1.0,0.0,0.0566,-31.6,43.23,24.53
6ejm_complex,H,LEU,131,0,21,E,0.0,1.0,0.0,0.2439,-28.24,43.91,26.01
6ejm_complex,H,TYR,132,0,27,E,0.0,1.0,0.0,0.0,-25.77,42.49,23.43
6ejm_complex,H,TYR,133,0,30,E,0.0,1.0,0.0,0.027,-22.57,41.1,24.92
6ejm_complex,H,CYS,134,0,32,E,0.0,1.0,0.0,0.0,-19.34,40.34,23.15
6ejm_complex,H,ALA,135,0,28,E,0.0,1.0,0.0,0.0,-17.71,37.21,24.75
6ejm_complex,H,SER,136,0,22,-,0.0,0.0,1.0,0.0,-15.11,34.57,24.08
6ejm_complex,H,LEU,137,1,22,T,0.0,0.0,1.0,0.0488,-17.97,32.39,25.31
6ejm_complex,H,THR,138,1,16,T,0.0,0.0,1.0,0.5282,-16.67,29.05,24.18
6ejm_complex,H,ALA,139,1,13,S,0.0,0.0,1.0,0.1415,-12.94,29.76,24.42
6ejm_complex,H,VAL,140,1,10,S,0.0,0.0,1.0,0.9648,-10.47,28.68,27.08
6ejm_complex,H,GLY,141,0,15,S,0.0,0.0,1.0,0.131,-10.32,32.16,28.52
6ejm_complex,H,ASP,142,0,16,-,0.0,0.0,1.0,0.227,-13.68,33.56,29.65
6ejm_complex,H,TYR,143,0,21,-,0.0,0.0,1.0,0.3468,-13.92,37.2,28.67
6ejm_complex,H,TRP,144,0,25,B,0.0,1.0,0.0,0.1278,-16.95,39.42,28.43
6ejm_complex,H,GLY,145,0,23,-,0.0,0.0,1.0,0.0357,-17.57,42.97,27.32
6ejm_complex,H,GLN,146,0,20,-,0.0,0.0,1.0,0.4697,-20.04,45.13,29.24
6ejm_complex,H,GLY,147,0,25,-,0.0,0.0,1.0,0.1548,-22.9,44.88,26.68
6ejm_complex,H,THR,148,0,20,E,0.0,1.0,0.0,0.1338,-24.25,47.5,24.3
6ejm_complex,H,SER,149,0,22,E,0.0,1.0,0.0,0.4769,-28.08,47.82,24.17
6ejm_complex,H,VAL,150,0,23,E,0.0,1.0,0.0,0.0,-30.43,47.62,21.29
6ejm_complex,H,THR,151,0,22,E,0.0,1.0,0.0,0.2606,-33.99,48.76,21.9
6ejm_complex,H,VAL,152,0,22,E,0.0,1.0,0.0,0.0493,-36.33,48.14,18.97
6ejm_complex,H,SER,153,0,17,-,0.0,0.0,1.0,0.3231,-39.3,50.43,19.43
6ejm_complex,H,SER,154,0,10,S,0.0,0.0,1.0,0.7846,-41.51,52.77,17.4
6ejm_complex,H,GLY,155,0,7,-,0.0,0.0,1.0,0.9167,-42.29,54.62,20.71
6ejm_complex,H,GLY,156,0,8,-,0.0,0.0,1.0,0.7857,-38.68,55.69,21.42
6ejm_complex,H,ASP,175,0,11,-,0.0,0.0,1.0,0.9018,-33.65,23.05,20.22
6ejm_complex,H,VAL,176,0,19,-,0.0,0.0,1.0,0.0493,-32.67,21.55,23.56
6ejm_complex,H,VAL,177,0,15,-,0.0,0.0,1.0,0.5634,-34.68,22.91,26.46
6ejm_complex,H,MET,178,0,22,E,0.0,1.0,0.0,0.0745,-32.88,23.72,29.66
6ejm_complex,H,THR,179,0,19,E,0.0,1.0,0.0,0.5141,-35.13,23.9,32.67
6ejm_complex,H,GLN,180,0,22,E,0.0,1.0,0.0,0.0404,-33.84,25.8,35.67
6ejm_complex,H,THR,181,0,18,E,0.0,1.0,0.0,0.493,-35.59,25.67,38.98
6ejm_complex,H,PRO,182,0,15,-,0.0,0.0,1.0,0.3676,-36.36,27.5,41.08
6ejm_complex,H,LEU,183,0,16,S,0.0,0.0,1.0,0.6951,-36.84,30.91,39.44
6ejm_complex,H,THR,184,0,14,E,0.0,1.0,0.0,0.5563,-35.82,32.76,42.54
6ejm_complex,H,LEU,185,0,16,E,0.0,1.0,0.0,0.2805,-34.19,31.45,45.64
6ejm_complex,H,SER,186,0,12,E,0.0,1.0,0.0,0.4,-34.2,33.87,48.55
6ejm_complex,H,VAL,187,0,15,E,0.0,1.0,0.0,0.0141,-31.52,33.19,51.08
6ejm_complex,H,THR,188,0,14,-,0.0,0.0,1.0,0.5141,-29.78,34.23,54.26
6ejm_complex,H,ILE,189,0,14,T,0.0,0.0,1.0,0.6154,-26.07,34.94,54.41
6ejm_complex,H,GLY,190,0,12,T,0.0,0.0,1.0,0.4881,-24.28,31.67,55.37
6ejm_complex,H,GLN,191,0,11,S,0.0,0.0,1.0,0.3434,-27.28,29.49,54.56
6ejm_complex,H,PRO,192,0,14,-,0.0,0.0,1.0,0.6618,-26.61,26.85,51.84
6ejm_complex,H,ALA,193,0,18,E,0.0,1.0,0.0,0.0755,-27.96,27.1,48.22
6ejm_complex,H,SER,194,0,16,E,0.0,1.0,0.0,0.4462,-28.95,24.49,45.56
6ejm_complex,H,ILE,195,0,23,E,0.0,1.0,0.0,0.0118,-30.09,25.22,42.03
6ejm_complex,H,SER,196,0,20,E,0.0,1.0,0.0,0.1538,-31.36,22.73,39.5
6ejm_complex,H,CYS,197,0,26,E,0.0,1.0,0.0,0.0,-31.03,22.55,35.69
6ejm_complex,H,LYS,198,0,21,E,0.0,1.0,0.0,0.4341,-32.49,19.8,33.49
6ejm_complex,H,SER,199,0,22,E,0.0,1.0,0.0,0.0769,-32.16,19.29,29.77
6ejm_complex,H,SER,200,0,13,S,0.0,0.0,1.0,0.6154,-34.69,17.66,27.42
6ejm_complex,H,GLN,201,0,15,S,0.0,0.0,1.0,0.5253,-31.96,15.6,25.8
6ejm_complex,H,SER,202,0,16,-,0.0,0.0,1.0,0.4,-28.73,14.05,27.14
6ejm_complex,H,LEU,203,0,24,-,0.0,0.0,1.0,0.0,-25.77,16.48,27.09
6ejm_complex,H,PHE,204,0,18,B,0.0,1.0,0.0,0.6345,-23.26,13.56,26.82
6ejm_complex,H,ASP,205,1,13,-,0.0,0.0,1.0,0.2761,-21.51,13.91,23.49
6ejm_complex,H,THR,206,1,8,T,0.0,0.0,1.0,1.0,-20.11,11.15,21.24
6ejm_complex,H,ASP,207,1,8,T,0.0,0.0,1.0,0.546,-16.93,12.94,22.29
6ejm_complex,H,GLY,208,0,8,S,0.0,0.0,1.0,0.5119,-17.24,11.48,25.8
6ejm_complex,H,LYS,209,1,12,-,0.0,0.0,1.0,0.5171,-17.6,15.03,27.23
6ejm_complex,H,THR,210,0,22,B,0.0,1.0,0.0,0.169,-20.74,16.59,28.79
6ejm_complex,H,TYR,211,1,17,-,0.0,0.0,1.0,0.3108,-20.84,20.22,27.81
6ejm_complex,H,LEU,212,0,27,E,0.0,1.0,0.0,0.0,-22.85,21.63,30.64
6ejm_complex,H,THR,213,1,23,E,0.0,1.0,0.0,0.169,-21.72,25.13,31.81
6ejm_complex,H,TRP,214,0,27,E,0.0,1.0,0.0,0.0,-22.82,27.33,34.75
6ejm_complex,H,LEU,215,0,19,E,0.0,1.0,0.0,0.0061,-22.41,31.04,34.71
6ejm_complex,H,LEU,216,0,23,E,0.0,1.0,0.0,0.0122,-23.19,33.78,37.17
6ejm_complex,H,GLN,217,0,19,E,0.0,1.0,0.0,0.0909,-24.13,37.34,36.57
6ejm_complex,H,ARG,218,0,18,-,0.0,0.0,1.0,0.1976,-23.63,39.66,39.52
6ejm_complex,H,PRO,219,0,11,T,0.0,0.0,1.0,0.7794,-25.76,42.74,39.87
6ejm_complex,H,GLY,220,0,8,T,0.0,0.0,1.0,1.0,-24.54,45.35,37.44
6ejm_complex,H,GLN,221,0,13,S,0.0,0.0,1.0,0.5202,-21.95,42.97,35.91
6ejm_complex,H,SER,222,0,18,-,0.0,0.0,1.0,0.2154,-21.63,40.89,32.79
6ejm_complex,H,PRO,223,0,27,E,0.0,1.0,0.0,0.0,-22.11,37.08,33.08
6ejm_complex,H,LYS,224,0,19,E,0.0,1.0,0.0,0.322,-19.03,35.04,34.16
6ejm_complex,H,ARG,225,1,24,E,0.0,1.0,0.0,0.1129,-18.25,31.35,33.59
6ejm_complex,H,LEU,226,0,26,E,0.0,1.0,0.0,0.0183,-18.36,29.58,36.97
6ejm_complex,H,ILE,227,0,22,E,0.0,1.0,0.0,0.0,-18.15,25.96,36.03
6ejm_complex,H,TYR,228,1,19,E,0.0,1.0,0.0,0.3694,-17.71,23.91,32.87
6ejm_complex,H,LEU,229,1,18,T,0.0,0.0,1.0,0.1829,-17.95,20.27,31.88
6ejm_complex,H,VAL,230,0,23,T,0.0,0.0,1.0,0.1056,-20.45,19.78,34.75
6ejm_complex,H,SER,231,0,20,T,0.0,0.0,1.0,0.5,-18.02,19.96,37.74
6ejm_complex,H,LYS,232,0,15,E,0.0,1.0,0.0,0.5415,-14.72,21.69,36.85
6ejm_complex,H,LEU,233,0,19,E,0.0,1.0,0.0,0.3171,-14.37,25.13,38.37
6ejm_complex,H,ALA,234,0,17,-,0.0,0.0,1.0,0.1698,-13.09,28.09,36.41
6ejm_complex,H,SER,235,0,11,T,0.0,0.0,1.0,0.8846,-10.25,30.46,37.37
6ejm_complex,H,GLY,236,0,7,T,0.0,0.0,1.0,0.9405,-10.68,31.97,40.79
6ejm_complex,H,VAL,237,0,13,-,0.0,0.0,1.0,0.0775,-13.98,30.21,41.71
6ejm_complex,H,PRO,238,0,11,-,0.0,0.0,1.0,0.2721,-14.02,29.42,45.49
6ejm_complex,H,ASP,239,0,9,T,0.0,0.0,1.0,0.9141,-14.39,25.81,46.62
6ejm_complex,H,ARG,240,0,13,T,0.0,0.0,1.0,0.0645,-17.85,26.28,48.18
6ejm_complex,H,PHE,241,0,20,E,0.0,1.0,0.0,0.0355,-19.3,25.94,44.65
6ejm_complex,H,THR,242,0,19,E,0.0,1.0,0.0,0.5423,-19.87,22.39,43.59
6ejm_complex,H,GLY,243,0,23,E,0.0,1.0,0.0,0.0595,-21.34,21.28,40.33
6ejm_complex,H,SER,244,0,15,E,0.0,1.0,0.0,0.3385,-22.75,17.77,39.86
6ejm_complex,H,GLY,245,0,16,E,0.0,1.0,0.0,0.4524,-25.0,15.79,37.59
6ejm_complex,H,SER,246,0,14,E,0.0,1.0,0.0,0.6923,-25.07,13.63,34.53
6ejm_complex,H,GLY,247,0,15,T,0.0,0.0,1.0,0.25,-27.09,13.02,31.36
6ejm_complex,H,THR,248,0,17,T,0.0,0.0,1.0,0.4507,-30.11,15.31,31.66
6ejm_complex,H,ASP,249,0,17,E,0.0,1.0,0.0,0.411,-29.91,16.25,35.38
6ejm_complex,H,PHE,250,0,21,E,0.0,1.0,0.0,0.0,-27.47,18.85,36.86
6ejm_complex,H,THR,251,0,21,E,0.0,1.0,0.0,0.1972,-27.06,20.75,40.2
6ejm_complex,H,LEU,252,0,21,E,0.0,1.0,0.0,0.0061,-25.07,23.69,41.4
6ejm_complex,H,LYS,253,0,16,E,0.0,1.0,0.0,0.4927,-24.68,23.71,45.17
6ejm_complex,H,ILE,254,0,20,E,0.0,1.0,0.0,0.0237,-23.25,26.51,47.33
6ejm_complex,H,SER,255,0,14,S,0.0,0.0,1.0,0.4538,-21.99,25.36,50.79
6ejm_complex,H,ARG,256,0,14,S,0.0,0.0,1.0,0.5565,-22.36,28.73,52.31
6ejm_complex,H,VAL,257,0,21,-,0.0,0.0,1.0,0.0211,-23.71,31.73,50.5
6ejm_complex,H,GLU,258,0,14,-,0.0,0.0,1.0,0.4381,-21.6,34.9,50.72
6ejm_complex,H,ALA,259,0,12,G,1.0,0.0,0.0,0.6604,-22.58,38.35,49.36
6ejm_complex,H,GLU,260,0,8,G,1.0,0.0,0.0,0.4742,-20.27,37.76,46.34
6ejm_complex,H,ASP,261,0,18,G,1.0,0.0,0.0,0.0,-22.58,34.89,45.25
6ejm_complex,H,LEU,262,0,19,-,0.0,0.0,1.0,0.1829,-25.74,36.94,44.74
6ejm_complex,H,GLY,263,0,18,E,0.0,1.0,0.0,0.0833,-27.03,37.49,41.2
6ejm_complex,H,VAL,264,0,22,E,0.0,1.0,0.0,0.1549,-28.49,35.33,38.42
6ejm_complex,H,TYR,265,0,25,E,0.0,1.0,0.0,0.0,-27.11,31.87,37.69
6ejm_complex,H,TYR,266,0,26,E,0.0,1.0,0.0,0.0,-27.59,30.33,34.24
6ejm_complex,H,CYS,267,0,32,E,0.0,1.0,0.0,0.0,-26.77,26.92,32.84
6ejm_complex,H,LEU,268,1,23,E,0.0,1.0,0.0,0.0671,-25.69,26.48,29.21
6ejm_complex,H,GLN,269,0,25,E,0.0,1.0,0.0,0.0,-25.52,23.37,27.08
6ejm_complex,H,GLY,270,1,19,-,0.0,0.0,1.0,0.3929,-23.02,23.12,24.26
6ejm_complex,H,THR,271,1,20,S,0.0,0.0,1.0,0.1408,-23.61,19.62,22.99
6ejm_complex,H,HIS,272,1,15,S,0.0,0.0,1.0,0.2391,-26.47,20.29,20.57
6ejm_complex,H,PHE,273,1,12,S,0.0,0.0,1.0,0.6447,-26.82,22.98,17.98
6ejm_complex,H,PRO,274,0,17,S,0.0,0.0,1.0,0.0882,-28.14,25.64,18.72
6ejm_complex,H,LEU,275,1,17,-,0.0,0.0,1.0,0.1951,-26.52,26.6,22.01
6ejm_complex,H,THR,276,0,21,E,0.0,1.0,0.0,0.1549,-29.22,27.01,24.66
6ejm_complex,H,PHE,277,0,26,E,0.0,1.0,0.0,0.1218,-29.48,28.48,28.17
6ejm_complex,H,GLY,278,0,24,-,0.0,0.0,1.0,0.0119,-31.72,27.89,31.17
6ejm_complex,H,ALA,279,0,24,-,0.0,0.0,1.0,0.3396,-33.93,30.82,32.01
6ejm_complex,H,GLY,280,0,26,-,0.0,0.0,1.0,0.0476,-31.96,31.72,35.13
6ejm_complex,H,THR,281,0,21,E,0.0,1.0,0.0,0.0,-32.21,31.45,38.92
6ejm_complex,H,LYS,282,0,21,E,0.0,1.0,0.0,0.5366,-31.93,34.71,40.86
6ejm_complex,H,LEU,283,0,23,E,0.0,1.0,0.0,0.0183,-30.11,34.2,44.24
6ejm_complex,H,ASP,284,0,17,E,0.0,1.0,0.0,0.2761,-30.99,37.0,46.67
6ejm_complex,H,LEU,285,0,11,E,0.0,1.0,0.0,0.5183,-31.38,37.8,50.42
6ejm_complex,H,LYS,286,0,8,-,0.0,0.0,1.0,0.8293,-34.53,37.2,52.58
