PDB_ID,Chain,Res_Name,Res_ID,Label,Node_Degree_10A,Sec_Struct,Is_Helix,Is_Sheet,Is_Coil,RSA,Coord_X,Coord_Y,Coord_Z
2fdb_complex,P,LYS,2151,0,7,-,0.0,0.0,1.0,0.8634,89.68,4.81,29.27
2fdb_complex,P,ARG,2152,0,14,E,0.0,1.0,0.0,0.5121,86.63,3.89,27.18
2fdb_complex,P,ALA,2153,0,19,E,0.0,1.0,0.0,0.3585,84.43,5.13,24.34
2fdb_complex,P,PRO,2154,0,24,E,0.0,1.0,0.0,0.0662,80.66,5.48,24.77
2fdb_complex,P,TYR,2155,0,19,E,0.0,1.0,0.0,0.3829,78.68,2.29,24.38
2fdb_complex,P,TRP,2156,0,16,E,0.0,1.0,0.0,0.2467,75.06,1.27,24.84
2fdb_complex,P,THR,2157,0,12,S,0.0,0.0,1.0,0.5211,74.52,-0.53,28.13
2fdb_complex,P,ASN,2158,0,13,-,0.0,0.0,1.0,0.3503,71.03,-1.85,27.32
2fdb_complex,P,THR,2159,0,13,H,1.0,0.0,0.0,0.6972,70.45,-2.58,23.63
2fdb_complex,P,GLU,2160,1,10,H,1.0,0.0,0.0,0.8144,67.2,-4.18,24.76
2fdb_complex,P,LYS,2161,1,11,H,1.0,0.0,0.0,0.4537,65.05,-1.04,24.86
2fdb_complex,P,MET,2162,0,17,H,1.0,0.0,0.0,0.0372,66.92,0.43,21.89
2fdb_complex,P,GLU,2163,1,10,T,0.0,0.0,1.0,0.7165,65.9,-2.51,19.71
2fdb_complex,P,LYS,2164,1,11,-,0.0,0.0,1.0,0.6244,62.39,-1.02,19.8
2fdb_complex,P,ARG,2165,0,15,-,0.0,0.0,1.0,0.4919,63.17,1.7,17.26
2fdb_complex,P,LEU,2166,1,13,E,0.0,1.0,0.0,0.628,59.56,2.48,16.4
2fdb_complex,P,HIS,2167,1,15,E,0.0,1.0,0.0,0.1413,57.34,3.9,19.12
2fdb_complex,P,ALA,2168,1,13,E,0.0,1.0,0.0,0.5849,53.72,4.03,17.92
2fdb_complex,P,VAL,2169,1,19,E,0.0,1.0,0.0,0.162,51.51,5.52,20.63
2fdb_complex,P,PRO,2170,1,18,E,0.0,1.0,0.0,0.3603,48.13,7.12,21.18
2fdb_complex,P,ALA,2171,0,18,T,0.0,0.0,1.0,0.2453,47.91,10.9,21.48
2fdb_complex,P,ALA,2172,0,15,T,0.0,0.0,1.0,0.6887,48.0,12.23,25.07
2fdb_complex,P,ASN,2173,1,14,-,0.0,0.0,1.0,0.4777,50.58,9.62,26.09
2fdb_complex,P,THR,2174,0,13,-,0.0,0.0,1.0,0.5915,53.96,10.45,27.59
2fdb_complex,P,VAL,2175,0,21,E,0.0,1.0,0.0,0.0211,56.82,9.29,25.36
2fdb_complex,P,LYS,2176,0,16,E,0.0,1.0,0.0,0.4293,60.2,8.39,26.85
2fdb_complex,P,PHE,2177,0,25,E,0.0,1.0,0.0,0.0,63.21,7.55,24.67
2fdb_complex,P,ARG,2178,0,20,E,0.0,1.0,0.0,0.2903,66.23,6.0,26.36
2fdb_complex,P,CYS,2179,0,27,-,0.0,0.0,1.0,0.0,69.83,5.37,25.34
2fdb_complex,P,PRO,2180,0,20,-,0.0,0.0,1.0,0.0515,71.58,3.94,28.44
2fdb_complex,P,ALA,2181,0,22,E,0.0,1.0,0.0,0.0849,75.25,4.74,27.86
2fdb_complex,P,GLY,2182,0,17,E,0.0,1.0,0.0,0.131,78.61,3.81,29.34
2fdb_complex,P,GLY,2183,0,20,E,0.0,1.0,0.0,0.131,82.12,5.17,28.97
2fdb_complex,P,ASN,2184,0,13,E,0.0,1.0,0.0,0.4713,84.99,6.85,30.82
2fdb_complex,P,PRO,2185,0,14,S,0.0,0.0,1.0,0.4559,84.93,9.66,31.36
2fdb_complex,P,MET,2186,0,15,-,0.0,0.0,1.0,0.7394,81.13,9.75,31.52
2fdb_complex,P,PRO,2187,0,20,-,0.0,0.0,1.0,0.0441,79.79,10.69,28.08
2fdb_complex,P,THR,2188,0,15,E,0.0,1.0,0.0,0.6056,77.51,13.66,27.43
2fdb_complex,P,MET,2189,0,19,E,0.0,1.0,0.0,0.1596,74.19,13.39,25.6
2fdb_complex,P,ARG,2190,0,17,E,0.0,1.0,0.0,0.4516,72.28,15.56,23.12
2fdb_complex,P,TRP,2191,0,22,E,0.0,1.0,0.0,0.0793,69.0,14.99,21.35
2fdb_complex,P,LEU,2192,0,15,E,0.0,1.0,0.0,0.2256,68.03,15.79,17.78
2fdb_complex,P,LYS,2193,0,19,E,0.0,1.0,0.0,0.1707,64.61,15.89,16.16
2fdb_complex,P,ASN,2194,0,15,T,0.0,0.0,1.0,0.5541,64.62,15.04,12.46
2fdb_complex,P,GLY,2195,0,13,T,0.0,0.0,1.0,0.5833,68.4,15.44,12.31
2fdb_complex,P,LYS,2196,0,11,E,0.0,1.0,0.0,0.7902,68.59,18.91,13.85
2fdb_complex,P,GLU,2197,0,13,E,0.0,1.0,0.0,0.6392,68.99,20.25,17.41
2fdb_complex,P,PHE,2198,0,17,-,0.0,0.0,1.0,0.0152,65.83,19.6,19.44
2fdb_complex,P,LYS,2199,0,12,-,0.0,0.0,1.0,0.3415,64.91,22.88,21.16
2fdb_complex,P,GLN,2200,0,11,G,1.0,0.0,0.0,0.4798,62.38,23.49,23.92
2fdb_complex,P,GLU,2201,0,9,G,1.0,0.0,0.0,0.7629,60.38,25.77,21.63
2fdb_complex,P,HIS,2202,0,12,G,1.0,0.0,0.0,0.4728,60.0,23.03,19.02
2fdb_complex,P,ARG,2203,0,14,S,0.0,0.0,1.0,0.0968,56.82,21.78,20.73
2fdb_complex,P,ILE,2204,0,13,T,0.0,0.0,1.0,0.9527,54.2,23.04,23.14
2fdb_complex,P,GLY,2205,0,12,T,0.0,0.0,1.0,0.8214,55.32,22.29,26.67
2fdb_complex,P,GLY,2206,0,13,-,0.0,0.0,1.0,0.0595,58.84,21.51,25.49
2fdb_complex,P,TYR,2207,0,17,-,0.0,0.0,1.0,0.1667,60.49,18.35,26.8
2fdb_complex,P,LYS,2208,0,13,E,0.0,1.0,0.0,0.5512,62.51,17.0,29.72
2fdb_complex,P,VAL,2209,0,17,E,0.0,1.0,0.0,0.4789,65.81,15.11,29.9
2fdb_complex,P,ARG,2210,0,11,E,0.0,1.0,0.0,0.5323,66.86,12.82,32.75
2fdb_complex,P,ASN,2211,0,14,G,1.0,0.0,0.0,0.7261,70.63,12.42,32.35
2fdb_complex,P,GLN,2212,0,8,G,1.0,0.0,0.0,0.6111,70.74,9.69,34.99
2fdb_complex,P,HIS,2213,0,12,G,1.0,0.0,0.0,0.3859,68.4,7.63,32.84
2fdb_complex,P,TRP,2214,0,18,T,0.0,0.0,1.0,0.1057,69.79,8.84,29.5
2fdb_complex,P,SER,2215,0,20,E,0.0,1.0,0.0,0.0077,66.27,9.77,28.51
2fdb_complex,P,LEU,2216,0,20,E,0.0,1.0,0.0,0.0,64.24,12.23,26.48
2fdb_complex,P,ILE,2217,0,16,E,0.0,1.0,0.0,0.1834,60.72,12.76,27.78
2fdb_complex,P,MET,2218,0,20,E,0.0,1.0,0.0,0.0,57.81,14.23,25.81
2fdb_complex,P,GLU,2219,0,16,-,0.0,0.0,1.0,0.4124,54.53,14.65,27.65
2fdb_complex,P,SER,2220,0,14,S,0.0,0.0,1.0,0.5615,51.03,14.54,26.15
2fdb_complex,P,VAL,2221,0,24,-,0.0,0.0,1.0,0.0,52.24,13.88,22.63
2fdb_complex,P,VAL,2222,0,20,-,0.0,0.0,1.0,0.4366,50.18,15.06,19.67
2fdb_complex,P,PRO,2223,0,15,G,1.0,0.0,0.0,0.3382,50.35,14.16,15.93
2fdb_complex,P,SER,2224,0,9,G,1.0,0.0,0.0,0.7077,52.77,17.0,15.21
2fdb_complex,P,ASP,2225,0,18,G,1.0,0.0,0.0,0.0061,55.27,15.1,17.41
2fdb_complex,P,LYS,2226,0,18,-,0.0,0.0,1.0,0.4878,55.66,12.42,14.73
2fdb_complex,P,GLY,2227,0,14,E,0.0,1.0,0.0,0.2143,59.23,12.18,13.46
2fdb_complex,P,ASN,2228,0,17,E,0.0,1.0,0.0,0.4013,62.74,10.91,14.22
2fdb_complex,P,TYR,2229,0,22,E,0.0,1.0,0.0,0.0,64.6,11.45,17.46
2fdb_complex,P,THR,2230,0,22,E,0.0,1.0,0.0,0.0986,68.34,10.86,17.65
2fdb_complex,P,CYS,2231,0,22,E,0.0,1.0,0.0,0.0,70.43,10.65,20.8
2fdb_complex,P,VAL,2232,0,18,E,0.0,1.0,0.0,0.0704,74.09,11.56,20.37
2fdb_complex,P,VAL,2233,0,26,E,0.0,1.0,0.0,0.0,76.36,10.32,23.17
2fdb_complex,P,GLU,2234,0,23,E,0.0,1.0,0.0,0.3144,80.03,11.27,23.34
2fdb_complex,P,ASN,2235,0,17,E,0.0,1.0,0.0,0.1911,83.28,11.75,25.25
2fdb_complex,P,GLU,2236,0,14,T,0.0,0.0,1.0,0.768,86.96,12.11,24.3
2fdb_complex,P,TYR,2237,0,13,T,0.0,0.0,1.0,0.5766,87.26,8.54,23.0
2fdb_complex,P,GLY,2238,0,13,E,0.0,1.0,0.0,0.3333,84.3,8.64,20.6
2fdb_complex,P,SER,2239,0,15,E,0.0,1.0,0.0,0.4769,80.75,9.55,19.63
2fdb_complex,P,ILE,2240,0,15,E,0.0,1.0,0.0,0.2959,77.77,7.32,18.78
2fdb_complex,P,ASN,2241,0,16,E,0.0,1.0,0.0,0.6497,74.1,7.83,17.99
2fdb_complex,P,HIS,2242,0,16,E,0.0,1.0,0.0,0.0543,70.81,5.98,17.82
2fdb_complex,P,THR,2243,0,20,E,0.0,1.0,0.0,0.2606,67.58,7.05,16.11
2fdb_complex,P,TYR,2244,0,20,E,0.0,1.0,0.0,0.0135,64.04,6.34,17.3
2fdb_complex,P,HIS,2245,0,17,E,0.0,1.0,0.0,0.4185,60.93,6.89,15.19
2fdb_complex,P,LEU,2246,0,19,E,0.0,1.0,0.0,0.0488,57.7,8.23,16.72
2fdb_complex,P,ASP,2247,1,18,E,0.0,1.0,0.0,0.3252,54.21,7.73,15.37
2fdb_complex,P,VAL,2248,0,20,E,0.0,1.0,0.0,0.007,51.32,9.31,17.28
2fdb_complex,P,VAL,2249,1,15,E,0.0,1.0,0.0,0.4577,47.69,8.35,16.65
2fdb_complex,P,GLU,2250,0,12,-,0.0,0.0,1.0,0.7113,44.61,10.18,17.95
2fdb_complex,P,ARG,2251,1,13,-,0.0,0.0,1.0,0.6492,42.24,7.58,19.44
2fdb_complex,P,SER,2252,1,11,-,0.0,0.0,1.0,0.4077,38.53,7.58,20.28
2fdb_complex,P,ARG,2253,1,12,-,0.0,0.0,1.0,0.8589,36.55,5.43,22.73
2fdb_complex,P,HIS,2254,0,14,S,0.0,0.0,1.0,0.6902,33.18,6.6,21.36
2fdb_complex,P,ARG,2255,0,19,-,0.0,0.0,1.0,0.5,30.36,5.01,19.36
2fdb_complex,P,PRO,2256,0,24,-,0.0,0.0,1.0,0.0074,30.12,5.88,15.6
2fdb_complex,P,ILE,2257,0,18,E,0.0,1.0,0.0,0.6272,29.25,9.37,14.41
2fdb_complex,P,LEU,2258,0,21,E,0.0,1.0,0.0,0.0732,27.3,9.89,11.21
2fdb_complex,P,GLN,2259,0,12,-,0.0,0.0,1.0,0.3485,27.26,13.0,9.04
2fdb_complex,P,ALA,2260,0,10,T,0.0,0.0,1.0,0.8302,24.17,15.1,9.75
2fdb_complex,P,GLY,2261,0,13,T,0.0,0.0,1.0,0.6786,21.75,15.25,6.8
2fdb_complex,P,LEU,2262,0,18,-,0.0,0.0,1.0,0.2012,22.77,11.88,5.38
2fdb_complex,P,PRO,2263,0,24,S,0.0,0.0,1.0,0.0441,21.06,9.88,4.12
2fdb_complex,P,ALA,2264,0,16,-,0.0,0.0,1.0,0.4811,18.93,12.7,2.72
2fdb_complex,P,ASN,2265,0,15,-,0.0,0.0,1.0,0.707,15.23,12.43,1.95
2fdb_complex,P,ALA,2266,0,14,E,0.0,1.0,0.0,0.1887,14.49,11.78,-1.72
2fdb_complex,P,SER,2267,0,14,E,0.0,1.0,0.0,0.6231,11.58,11.96,-4.14
2fdb_complex,P,THR,2268,0,16,E,0.0,1.0,0.0,0.2042,11.17,10.5,-7.61
2fdb_complex,P,VAL,2269,0,14,-,0.0,0.0,1.0,0.7042,8.61,9.53,-10.21
2fdb_complex,P,VAL,2270,0,17,T,0.0,0.0,1.0,0.4296,8.02,5.78,-10.57
2fdb_complex,P,GLY,2271,0,14,T,0.0,0.0,1.0,0.4167,10.66,4.1,-12.72
2fdb_complex,P,GLY,2272,0,14,-,0.0,0.0,1.0,0.2381,13.22,6.71,-11.75
2fdb_complex,P,ASP,2273,0,14,-,0.0,0.0,1.0,0.6626,16.48,6.05,-9.91
2fdb_complex,P,VAL,2274,0,16,E,0.0,1.0,0.0,0.1197,17.48,7.21,-6.44
2fdb_complex,P,GLU,2275,0,14,E,0.0,1.0,0.0,0.5,20.42,6.92,-4.07
2fdb_complex,P,PHE,2276,0,23,E,0.0,1.0,0.0,0.0102,21.06,7.3,-0.35
2fdb_complex,P,VAL,2277,0,19,E,0.0,1.0,0.0,0.2465,24.42,8.24,1.11
2fdb_complex,P,CYS,2278,0,26,E,0.0,1.0,0.0,0.0,25.84,7.7,4.57
2fdb_complex,P,LYS,2279,0,20,E,0.0,1.0,0.0,0.2683,29.19,8.76,5.98
2fdb_complex,P,VAL,2280,0,24,E,0.0,1.0,0.0,0.0,30.42,7.11,9.17
2fdb_complex,P,TYR,2281,0,18,E,0.0,1.0,0.0,0.3784,33.3,8.16,11.44
2fdb_complex,P,SER,2282,1,22,-,0.0,0.0,1.0,0.2231,34.55,5.49,13.83
2fdb_complex,P,ASP,2283,1,17,S,0.0,0.0,1.0,0.3804,37.95,4.64,15.29
2fdb_complex,P,ALA,2284,1,16,S,0.0,0.0,1.0,0.1887,36.9,1.11,16.32
2fdb_complex,P,GLN,2285,1,11,-,0.0,0.0,1.0,0.9343,36.04,-0.78,13.13
2fdb_complex,P,PRO,2286,1,19,-,0.0,0.0,1.0,0.1691,32.33,-0.32,12.49
2fdb_complex,P,HIS,2287,1,15,E,0.0,1.0,0.0,0.6685,29.73,-2.4,10.77
2fdb_complex,P,ILE,2288,0,19,E,0.0,1.0,0.0,0.1124,27.05,-0.68,8.68
2fdb_complex,P,GLN,2289,1,17,E,0.0,1.0,0.0,0.3182,23.56,-1.84,7.66
2fdb_complex,P,TRP,2290,0,23,E,0.0,1.0,0.0,0.0132,21.02,-0.25,5.37
2fdb_complex,P,ILE,2291,1,18,E,0.0,1.0,0.0,0.0769,17.56,-1.0,6.65
2fdb_complex,P,LYS,2292,0,23,E,0.0,1.0,0.0,0.1317,14.16,-0.67,5.02
2fdb_complex,P,HIS,2293,1,19,E,0.0,1.0,0.0,0.1033,11.28,-0.22,7.43
2fdb_complex,P,VAL,2294,0,17,S,0.0,0.0,1.0,0.5141,8.86,-2.8,6.02
2fdb_complex,P,GLU,2295,0,10,S,0.0,0.0,1.0,0.7371,5.8,-2.63,8.39
2fdb_complex,P,LYS,2296,0,13,S,0.0,0.0,1.0,0.6049,6.57,-0.11,11.22
2fdb_complex,P,ASN,2297,0,14,-,0.0,0.0,1.0,0.6688,8.44,3.24,11.08
2fdb_complex,P,GLY,2298,0,17,-,0.0,0.0,1.0,0.2738,11.26,4.15,13.55
2fdb_complex,P,SER,2299,0,10,-,0.0,0.0,1.0,0.5385,11.6,6.92,16.18
2fdb_complex,P,LYS,2300,0,9,T,0.0,0.0,1.0,0.6244,14.69,8.16,18.13
2fdb_complex,P,TYR,2301,0,7,T,0.0,0.0,1.0,1.0,12.57,7.94,21.35
2fdb_complex,P,GLY,2302,0,9,-,0.0,0.0,1.0,0.4881,11.96,4.17,20.81
2fdb_complex,P,PRO,2303,1,9,T,0.0,0.0,1.0,0.5074,15.2,2.12,19.89
2fdb_complex,P,ASP,2304,0,6,T,0.0,0.0,1.0,1.0,14.5,-0.08,22.99
2fdb_complex,P,GLY,2305,0,8,S,0.0,0.0,1.0,0.5952,11.79,-1.71,20.75
2fdb_complex,P,LEU,2306,1,9,-,0.0,0.0,1.0,0.939,12.03,-3.9,17.59
2fdb_complex,P,PRO,2307,0,14,-,0.0,0.0,1.0,0.3088,10.27,-2.79,14.32
2fdb_complex,P,TYR,2308,0,12,-,0.0,0.0,1.0,0.5856,9.86,-4.97,11.14
2fdb_complex,P,LEU,2309,1,17,E,0.0,1.0,0.0,0.4329,13.08,-4.58,9.19
2fdb_complex,P,LYS,2310,0,14,E,0.0,1.0,0.0,0.6098,14.64,-5.67,5.9
2fdb_complex,P,VAL,2311,1,13,E,0.0,1.0,0.0,0.5775,18.41,-5.49,5.56
2fdb_complex,P,LEU,2312,1,12,E,0.0,1.0,0.0,0.2378,19.4,-4.23,2.11
2fdb_complex,P,LYS,2313,1,11,-,0.0,0.0,1.0,1.0,22.77,-4.72,0.37
2fdb_complex,P,ALA,2314,1,15,-,0.0,0.0,1.0,0.3585,24.61,-1.51,-0.57
2fdb_complex,P,ALA,2315,1,10,E,0.0,1.0,0.0,0.5472,27.96,-0.44,-2.04
2fdb_complex,P,GLY,2316,1,13,E,0.0,1.0,0.0,0.6071,30.64,1.67,-0.43
2fdb_complex,P,VAL,2317,1,9,E,0.0,1.0,0.0,0.6338,34.29,2.48,-0.01
2fdb_complex,P,ASN,2318,1,10,E,0.0,1.0,0.0,0.6879,36.65,2.83,2.92
2fdb_complex,P,THR,2319,0,8,E,0.0,1.0,0.0,0.2887,38.7,6.01,3.22
2fdb_complex,P,THR,2320,1,6,T,0.0,0.0,1.0,1.0,41.36,7.1,5.68
2fdb_complex,P,ASP,2321,0,11,T,0.0,0.0,1.0,0.6626,38.96,9.12,7.84
2fdb_complex,P,LYS,2322,0,15,E,0.0,1.0,0.0,0.2146,35.57,7.53,7.19
2fdb_complex,P,GLU,2323,1,19,E,0.0,1.0,0.0,0.2113,33.39,4.91,5.61
2fdb_complex,P,ILE,2324,0,16,E,0.0,1.0,0.0,0.2663,31.24,6.09,2.76
2fdb_complex,P,GLU,2325,1,21,E,0.0,1.0,0.0,0.232,28.31,4.03,1.66
2fdb_complex,P,VAL,2326,0,18,E,0.0,1.0,0.0,0.1761,25.73,4.47,-1.01
2fdb_complex,P,LEU,2327,0,19,E,0.0,1.0,0.0,0.0488,22.55,2.51,-1.61
2fdb_complex,P,TYR,2328,0,15,E,0.0,1.0,0.0,0.6036,21.18,2.65,-5.14
2fdb_complex,P,ILE,2329,0,15,E,0.0,1.0,0.0,0.1006,17.52,1.96,-5.82
2fdb_complex,P,ARG,2330,0,13,-,0.0,0.0,1.0,0.8105,16.88,1.65,-9.57
2fdb_complex,P,ASN,2331,0,13,S,0.0,0.0,1.0,0.6815,13.5,1.61,-11.34
2fdb_complex,P,VAL,2332,0,20,-,0.0,0.0,1.0,0.0,11.78,2.74,-8.17
2fdb_complex,P,THR,2333,0,16,-,0.0,0.0,1.0,0.3239,8.22,1.49,-7.64
2fdb_complex,P,PHE,2334,0,13,G,1.0,0.0,0.0,0.6954,5.55,2.52,-5.16
2fdb_complex,P,GLU,2335,0,9,G,1.0,0.0,0.0,0.9124,6.64,-0.46,-3.06
2fdb_complex,P,ASP,2336,0,17,G,1.0,0.0,0.0,0.2638,10.08,1.12,-2.67
2fdb_complex,P,ALA,2337,0,20,-,0.0,0.0,1.0,0.3302,8.52,4.14,-0.96
2fdb_complex,P,GLY,2338,0,17,E,0.0,1.0,0.0,0.1786,9.13,4.33,2.77
2fdb_complex,P,GLU,2339,0,18,E,0.0,1.0,0.0,0.0619,11.78,4.97,5.41
2fdb_complex,P,TYR,2340,0,28,E,0.0,1.0,0.0,0.027,15.42,3.92,4.97
2fdb_complex,P,THR,2341,1,23,E,0.0,1.0,0.0,0.0563,17.97,3.79,7.77
2fdb_complex,P,CYS,2342,0,25,E,0.0,1.0,0.0,0.0,21.74,3.67,7.91
2fdb_complex,P,LEU,2343,1,20,E,0.0,1.0,0.0,0.2805,22.7,1.88,11.13
2fdb_complex,P,ALA,2344,0,24,E,0.0,1.0,0.0,0.0094,26.3,1.91,12.32
2fdb_complex,P,GLY,2345,1,20,E,0.0,1.0,0.0,0.2143,27.88,0.15,15.27
2fdb_complex,P,ASN,2346,1,18,-,0.0,0.0,1.0,0.1465,31.24,-0.57,16.85
2fdb_complex,P,SER,2347,1,14,S,0.0,0.0,1.0,0.8615,32.42,-2.16,20.09
2fdb_complex,P,ILE,2348,0,12,S,0.0,0.0,1.0,0.497,31.23,0.87,22.06
2fdb_complex,P,GLY,2349,0,12,-,0.0,0.0,1.0,0.2381,27.75,1.59,20.74
2fdb_complex,P,ILE,2350,0,16,E,0.0,1.0,0.0,0.5266,25.51,2.45,17.81
2fdb_complex,P,SER,2351,0,15,E,0.0,1.0,0.0,0.1154,24.12,5.39,15.85
2fdb_complex,P,PHE,2352,1,20,E,0.0,1.0,0.0,0.2284,21.66,5.67,12.96
2fdb_complex,P,HIS,2353,0,19,E,0.0,1.0,0.0,0.2826,20.17,8.24,10.6
2fdb_complex,P,SER,2354,0,24,E,0.0,1.0,0.0,0.3538,16.96,7.78,8.62
2fdb_complex,P,ALA,2355,0,19,E,0.0,1.0,0.0,0.0,15.53,9.13,5.38
2fdb_complex,P,TRP,2356,0,17,E,0.0,1.0,0.0,0.4802,12.25,8.96,3.48
2fdb_complex,P,LEU,2357,0,20,E,0.0,1.0,0.0,0.0183,11.78,7.95,-0.14
2fdb_complex,P,THR,2358,0,17,E,0.0,1.0,0.0,0.4366,8.74,9.56,-1.75
2fdb_complex,P,VAL,2359,0,18,E,0.0,1.0,0.0,0.1197,7.45,8.03,-4.99
2fdb_complex,P,LEU,2360,0,13,-,0.0,0.0,1.0,0.7622,5.15,10.07,-7.22
