PDB_ID,Chain,Res_Name,Res_ID,Label,Node_Degree_10A,Sec_Struct,Is_Helix,Is_Sheet,Is_Coil,RSA,Coord_X,Coord_Y,Coord_Z
2iff_complex,Y,LYS,1,0,14,-,0.0,0.0,1.0,0.4098,29.74,12.6,45.31
2iff_complex,Y,VAL,2,0,14,B,0.0,1.0,0.0,0.6972,31.53,9.93,47.37
2iff_complex,Y,PHE,3,0,19,-,0.0,0.0,1.0,0.0812,31.65,11.29,50.91
2iff_complex,Y,GLY,4,0,13,-,0.0,0.0,1.0,0.4405,34.49,9.7,52.92
2iff_complex,Y,ARG,5,0,19,H,1.0,0.0,0.0,0.2944,33.71,8.28,56.37
2iff_complex,Y,CYS,6,0,17,H,1.0,0.0,0.0,0.2222,34.69,11.01,58.91
2iff_complex,Y,GLU,7,0,12,H,1.0,0.0,0.0,0.4639,33.52,13.79,56.51
2iff_complex,Y,LEU,8,0,22,H,1.0,0.0,0.0,0.0,30.09,12.13,56.39
2iff_complex,Y,ALA,9,0,25,H,1.0,0.0,0.0,0.0,30.25,11.34,60.13
2iff_complex,Y,ALA,10,0,18,H,1.0,0.0,0.0,0.2358,30.75,15.06,60.89
2iff_complex,Y,ALA,11,0,17,H,1.0,0.0,0.0,0.1698,27.87,16.14,58.62
2iff_complex,Y,MET,12,0,19,H,1.0,0.0,0.0,0.0053,25.52,13.52,60.1
2iff_complex,Y,LYS,13,0,18,H,1.0,0.0,0.0,0.3902,26.44,14.39,63.73
2iff_complex,Y,ARG,14,0,11,H,1.0,0.0,0.0,0.8185,25.66,18.02,62.91
2iff_complex,Y,HIS,15,0,14,T,0.0,0.0,1.0,0.2011,22.29,17.05,61.49
2iff_complex,Y,GLY,16,0,14,T,0.0,0.0,1.0,0.4405,21.19,15.45,64.79
2iff_complex,Y,LEU,17,0,24,T,0.0,0.0,1.0,0.0,21.74,11.83,63.75
2iff_complex,Y,ASP,18,0,18,T,0.0,0.0,1.0,0.362,23.91,11.09,66.79
2iff_complex,Y,ASN,19,0,13,T,0.0,0.0,1.0,0.6752,21.53,9.12,69.01
2iff_complex,Y,TYR,20,0,16,B,0.0,1.0,0.0,0.2883,18.59,10.03,66.81
2iff_complex,Y,ARG,21,0,13,T,0.0,0.0,1.0,0.6008,15.91,7.92,68.35
2iff_complex,Y,GLY,22,0,10,T,0.0,0.0,1.0,0.6548,18.71,5.95,70.02
2iff_complex,Y,TYR,23,0,15,B,0.0,1.0,0.0,0.2252,21.06,4.95,67.22
2iff_complex,Y,SER,24,0,15,-,0.0,0.0,1.0,0.2308,24.55,6.26,67.55
2iff_complex,Y,LEU,25,0,23,H,1.0,0.0,0.0,0.0183,26.46,7.87,64.66
2iff_complex,Y,GLY,26,0,24,H,1.0,0.0,0.0,0.0,28.25,4.62,63.82
2iff_complex,Y,ASN,27,0,26,H,1.0,0.0,0.0,0.1019,24.94,3.0,62.76
2iff_complex,Y,TRP,28,0,26,H,1.0,0.0,0.0,0.0,24.18,5.8,60.33
2iff_complex,Y,VAL,29,0,30,H,1.0,0.0,0.0,0.0,27.7,5.94,58.88
2iff_complex,Y,CYS,30,0,26,H,1.0,0.0,0.0,0.0,27.58,2.12,58.68
2iff_complex,Y,ALA,31,0,28,H,1.0,0.0,0.0,0.0,24.25,2.15,56.81
2iff_complex,Y,ALA,32,0,25,H,1.0,0.0,0.0,0.0,25.55,4.82,54.47
2iff_complex,Y,LYS,33,0,23,H,1.0,0.0,0.0,0.2537,28.61,2.68,53.79
2iff_complex,Y,PHE,34,0,20,H,1.0,0.0,0.0,0.3147,26.67,-0.52,52.95
2iff_complex,Y,GLU,35,0,24,H,1.0,0.0,0.0,0.1856,23.69,1.07,51.25
2iff_complex,Y,SER,36,0,21,H,1.0,0.0,0.0,0.1077,25.51,3.44,48.9
2iff_complex,Y,ASN,37,0,18,T,0.0,0.0,1.0,0.586,29.2,3.34,49.74
2iff_complex,Y,PHE,38,0,22,T,0.0,0.0,1.0,0.0508,28.96,7.02,50.63
2iff_complex,Y,ASN,39,0,20,B,0.0,1.0,0.0,0.2102,28.05,8.1,47.08
2iff_complex,Y,THR,40,0,23,T,0.0,0.0,1.0,0.007,25.2,10.65,47.15
2iff_complex,Y,GLN,41,1,17,T,0.0,0.0,1.0,0.6364,24.37,9.99,43.53
2iff_complex,Y,ALA,42,0,19,-,0.0,0.0,1.0,0.1887,23.74,6.24,43.9
2iff_complex,Y,THR,43,1,16,E,0.0,1.0,0.0,0.493,20.58,4.79,42.46
2iff_complex,Y,ASN,44,1,13,E,0.0,1.0,0.0,0.6497,19.42,1.17,42.34
2iff_complex,Y,ARG,45,1,12,E,0.0,1.0,0.0,0.7137,16.24,-0.34,40.88
2iff_complex,Y,ASN,46,1,10,-,0.0,0.0,1.0,0.3949,14.06,-2.87,42.71
2iff_complex,Y,THR,47,1,6,T,0.0,0.0,1.0,1.0,11.79,-5.64,41.51
2iff_complex,Y,ASP,48,1,10,T,0.0,0.0,1.0,0.4172,8.56,-3.62,41.79
2iff_complex,Y,GLY,49,1,12,S,0.0,0.0,1.0,0.3095,9.38,-0.68,39.41
2iff_complex,Y,SER,50,0,20,-,0.0,0.0,1.0,0.0,10.76,1.62,42.16
2iff_complex,Y,THR,51,0,22,E,0.0,1.0,0.0,0.0704,14.26,3.03,42.6
2iff_complex,Y,ASP,52,0,22,E,0.0,1.0,0.0,0.1411,16.34,3.65,45.74
2iff_complex,Y,TYR,53,1,26,E,0.0,1.0,0.0,0.1216,17.91,7.11,45.8
2iff_complex,Y,GLY,54,0,29,T,0.0,0.0,1.0,0.0,20.93,8.68,47.27
2iff_complex,Y,ILE,55,0,29,T,0.0,0.0,1.0,0.0059,23.29,7.96,50.08
2iff_complex,Y,LEU,56,0,30,T,0.0,0.0,1.0,0.0061,20.68,6.46,52.4
2iff_complex,Y,GLN,57,0,26,T,0.0,0.0,1.0,0.0707,18.89,4.64,49.54
2iff_complex,Y,ILE,58,0,24,E,0.0,1.0,0.0,0.0118,15.39,5.85,50.33
2iff_complex,Y,ASN,59,0,24,E,0.0,1.0,0.0,0.172,12.87,4.11,48.08
2iff_complex,Y,SER,60,0,29,T,0.0,0.0,1.0,0.0,10.28,5.74,45.82
2iff_complex,Y,ARG,61,0,21,T,0.0,0.0,1.0,0.2823,7.32,3.45,46.6
2iff_complex,Y,TRP,62,0,17,T,0.0,0.0,1.0,0.4273,6.97,4.41,50.21
2iff_complex,Y,TRP,63,0,22,T,0.0,0.0,1.0,0.1498,9.13,7.4,50.85
2iff_complex,Y,CYS,64,0,26,-,0.0,0.0,1.0,0.0,9.8,9.85,48.02
2iff_complex,Y,ASN,65,0,24,B,0.0,1.0,0.0,0.4204,8.14,10.58,44.65
2iff_complex,Y,ASP,66,0,20,-,0.0,0.0,1.0,0.1656,9.91,9.99,41.33
2iff_complex,Y,GLY,67,1,10,S,0.0,0.0,1.0,0.881,7.01,10.33,38.82
2iff_complex,Y,LYS,68,1,12,S,0.0,0.0,1.0,0.5415,7.06,6.68,37.66
2iff_complex,Y,THR,69,1,17,-,0.0,0.0,1.0,0.0634,6.62,4.26,40.61
2iff_complex,Y,PRO,70,1,12,T,0.0,0.0,1.0,0.6397,3.17,2.62,40.97
2iff_complex,Y,GLY,71,0,13,T,0.0,0.0,1.0,0.6429,1.75,2.92,44.52
2iff_complex,Y,SER,72,0,17,-,0.0,0.0,1.0,0.4462,3.77,6.05,45.45
2iff_complex,Y,ARG,73,0,14,-,0.0,0.0,1.0,0.5887,2.87,6.98,49.02
2iff_complex,Y,ASN,74,0,17,-,0.0,0.0,1.0,0.1592,5.67,9.67,49.1
2iff_complex,Y,LEU,75,0,15,T,0.0,0.0,1.0,0.4268,5.68,9.76,52.91
2iff_complex,Y,CYS,76,0,21,T,0.0,0.0,1.0,0.1704,8.82,11.91,53.18
2iff_complex,Y,ASN,77,0,12,-,0.0,0.0,1.0,0.8344,7.03,14.38,50.86
2iff_complex,Y,ILE,78,0,18,S,0.0,0.0,1.0,0.2781,10.03,15.24,48.72
2iff_complex,Y,PRO,79,0,16,B,0.0,1.0,0.0,0.5588,11.02,14.64,45.06
2iff_complex,Y,CYS,80,0,23,G,1.0,0.0,0.0,0.0,13.38,11.67,45.02
2iff_complex,Y,SER,81,0,14,G,1.0,0.0,0.0,0.6231,15.78,13.77,42.94
2iff_complex,Y,ALA,82,0,18,G,1.0,0.0,0.0,0.3491,16.38,16.01,45.99
2iff_complex,Y,LEU,83,0,27,G,1.0,0.0,0.0,0.0122,17.97,13.04,47.67
2iff_complex,Y,LEU,84,1,22,G,1.0,0.0,0.0,0.3415,20.83,13.05,45.15
2iff_complex,Y,SER,85,0,16,S,0.0,0.0,1.0,0.4077,22.46,16.29,46.25
2iff_complex,Y,SER,86,0,15,S,0.0,0.0,1.0,0.5462,25.92,16.64,47.62
2iff_complex,Y,ASP,87,0,15,S,0.0,0.0,1.0,0.6196,24.6,18.08,50.92
2iff_complex,Y,ILE,88,0,20,T,0.0,0.0,1.0,0.0355,22.77,15.38,52.79
2iff_complex,Y,THR,89,0,15,H,1.0,0.0,0.0,0.3099,19.85,17.42,54.31
2iff_complex,Y,ALA,90,0,18,H,1.0,0.0,0.0,0.2358,16.83,16.11,52.24
2iff_complex,Y,SER,91,0,23,H,1.0,0.0,0.0,0.0308,18.16,12.6,52.84
2iff_complex,Y,VAL,92,0,20,H,1.0,0.0,0.0,0.007,18.66,13.17,56.6
2iff_complex,Y,ASN,93,0,16,H,1.0,0.0,0.0,0.5796,15.22,14.74,57.03
2iff_complex,Y,CYS,94,0,19,H,1.0,0.0,0.0,0.037,13.57,11.84,55.21
2iff_complex,Y,ALA,95,0,22,H,1.0,0.0,0.0,0.0,15.73,9.42,57.28
2iff_complex,Y,LYS,96,0,15,H,1.0,0.0,0.0,0.1951,14.36,10.95,60.49
2iff_complex,Y,LYS,97,0,13,H,1.0,0.0,0.0,0.4146,10.81,10.08,59.32
2iff_complex,Y,ILE,98,0,21,H,1.0,0.0,0.0,0.0355,11.65,6.47,58.33
2iff_complex,Y,VAL,99,0,18,H,1.0,0.0,0.0,0.0,12.97,5.82,61.85
2iff_complex,Y,SER,100,0,12,T,0.0,0.0,1.0,0.3692,9.79,7.32,63.36
2iff_complex,Y,ASP,101,0,10,T,0.0,0.0,1.0,0.5215,7.47,4.62,61.91
2iff_complex,Y,GLY,102,0,10,T,0.0,0.0,1.0,0.8452,8.08,2.25,64.87
2iff_complex,Y,ASN,103,0,9,T,0.0,0.0,1.0,0.6369,10.37,-0.2,62.99
2iff_complex,Y,GLY,104,0,13,G,1.0,0.0,0.0,0.1429,13.76,1.39,63.8
2iff_complex,Y,MET,105,0,22,G,1.0,0.0,0.0,0.0,16.56,1.13,61.3
2iff_complex,Y,ASN,106,0,14,G,1.0,0.0,0.0,0.2803,15.22,-2.25,60.1
2iff_complex,Y,ALA,107,0,15,G,1.0,0.0,0.0,0.4151,13.81,-0.26,57.22
2iff_complex,Y,TRP,108,0,21,-,0.0,0.0,1.0,0.0352,17.32,-0.33,55.75
2iff_complex,Y,VAL,109,0,14,H,1.0,0.0,0.0,0.5634,18.25,-3.64,54.13
2iff_complex,Y,ALA,110,0,20,H,1.0,0.0,0.0,0.1226,22.03,-3.15,54.36
2iff_complex,Y,TRP,111,0,24,H,1.0,0.0,0.0,0.0661,21.99,-1.72,57.93
2iff_complex,Y,ARG,112,0,16,H,1.0,0.0,0.0,0.3589,20.15,-4.86,58.93
2iff_complex,Y,ASN,113,0,13,H,1.0,0.0,0.0,0.7643,22.46,-7.26,57.05
2iff_complex,Y,ARG,114,0,15,H,1.0,0.0,0.0,0.6008,25.82,-5.59,57.63
2iff_complex,Y,CYS,115,0,21,H,1.0,0.0,0.0,0.0,25.38,-3.33,60.72
2iff_complex,Y,LYS,116,0,15,T,0.0,0.0,1.0,0.5073,22.75,-4.85,63.07
2iff_complex,Y,GLY,117,0,10,T,0.0,0.0,1.0,1.0,24.6,-6.25,66.04
2iff_complex,Y,THR,118,0,14,S,0.0,0.0,1.0,0.4859,28.06,-5.33,64.81
2iff_complex,Y,ASP,119,0,11,-,0.0,0.0,1.0,0.5828,30.4,-3.0,66.68
2iff_complex,Y,VAL,120,0,21,G,1.0,0.0,0.0,0.1197,28.96,-0.03,64.77
2iff_complex,Y,GLN,121,0,13,G,1.0,0.0,0.0,0.3232,31.17,2.44,66.7
2iff_complex,Y,ALA,122,0,13,G,1.0,0.0,0.0,0.2925,34.16,1.2,64.71
2iff_complex,Y,TRP,123,0,19,G,1.0,0.0,0.0,0.2467,32.75,3.38,61.92
2iff_complex,Y,ILE,124,0,19,G,1.0,0.0,0.0,0.2071,33.92,6.55,63.63
2iff_complex,Y,ARG,125,0,11,T,0.0,0.0,1.0,0.6169,37.19,5.16,65.1
2iff_complex,Y,GLY,126,0,8,T,0.0,0.0,1.0,1.0,39.77,7.89,64.77
2iff_complex,Y,CYS,127,0,12,-,0.0,0.0,1.0,0.1556,37.33,10.41,63.31
2iff_complex,Y,ARG,128,0,9,-,0.0,0.0,1.0,0.6492,37.52,14.02,64.44
2iff_complex,Y,LEU,129,0,13,-,0.0,0.0,1.0,0.6463,33.9,14.99,65.14
