PDB_ID,Chain,Res_Name,Res_ID,Label,Node_Degree_10A,Sec_Struct,Is_Helix,Is_Sheet,Is_Coil,RSA,Coord_X,Coord_Y,Coord_Z
3bx1_complex,A,ALA,1,0,7,-,0.0,0.0,1.0,1.0,47.13,-28.52,-11.11
3bx1_complex,A,GLN,2,0,13,-,0.0,0.0,1.0,0.2525,46.32,-30.68,-14.21
3bx1_complex,A,SER,3,0,14,-,0.0,0.0,1.0,0.4769,42.63,-31.2,-15.16
3bx1_complex,A,VAL,4,0,17,-,0.0,0.0,1.0,0.4718,41.38,-33.93,-17.45
3bx1_complex,A,PRO,5,0,19,-,0.0,0.0,1.0,0.1103,38.83,-32.24,-19.75
3bx1_complex,A,TRP,6,0,15,H,1.0,0.0,0.0,0.2291,35.58,-34.22,-19.8
3bx1_complex,A,GLY,7,0,25,H,1.0,0.0,0.0,0.0238,35.94,-35.1,-23.56
3bx1_complex,A,ILE,8,0,24,H,1.0,0.0,0.0,0.0118,39.35,-36.63,-22.84
3bx1_complex,A,SER,9,0,16,H,1.0,0.0,0.0,0.4846,37.69,-38.98,-20.34
3bx1_complex,A,ARG,10,0,18,H,1.0,0.0,0.0,0.3145,34.68,-39.5,-22.7
3bx1_complex,A,VAL,11,0,24,T,0.0,0.0,1.0,0.0,36.9,-40.86,-25.51
3bx1_complex,A,GLN,12,0,19,T,0.0,0.0,1.0,0.3889,38.65,-43.03,-22.85
3bx1_complex,A,ALA,13,0,28,H,1.0,0.0,0.0,0.0,42.15,-41.75,-23.55
3bx1_complex,A,PRO,14,0,21,H,1.0,0.0,0.0,0.3015,43.45,-42.35,-19.92
3bx1_complex,A,ALA,15,0,16,H,1.0,0.0,0.0,0.3208,42.75,-46.12,-20.31
3bx1_complex,A,ALA,16,0,25,H,1.0,0.0,0.0,0.0,44.91,-46.02,-23.45
3bx1_complex,A,HIS,17,0,18,H,1.0,0.0,0.0,0.1522,47.59,-44.09,-21.53
3bx1_complex,A,ASN,18,0,10,T,0.0,0.0,1.0,0.9108,47.5,-46.83,-18.87
3bx1_complex,A,ARG,19,0,12,T,0.0,0.0,1.0,0.4153,48.49,-49.38,-21.51
3bx1_complex,A,GLY,20,0,13,T,0.0,0.0,1.0,0.5952,51.51,-47.27,-22.45
3bx1_complex,A,LEU,21,0,24,-,0.0,0.0,1.0,0.0976,49.92,-45.49,-25.45
3bx1_complex,A,THR,22,0,28,S,0.0,0.0,1.0,0.2324,50.43,-41.74,-25.48
3bx1_complex,A,GLY,23,0,27,-,0.0,0.0,1.0,0.0,51.28,-41.31,-29.16
3bx1_complex,A,SER,24,0,17,T,0.0,0.0,1.0,0.4077,55.12,-41.25,-28.91
3bx1_complex,A,GLY,25,0,14,T,0.0,0.0,1.0,0.5833,56.85,-41.43,-32.29
3bx1_complex,A,VAL,26,0,24,-,0.0,0.0,1.0,0.0211,53.6,-40.28,-34.09
3bx1_complex,A,LYS,27,0,23,E,0.0,1.0,0.0,0.3122,53.8,-37.15,-36.24
3bx1_complex,A,VAL,28,0,30,E,0.0,1.0,0.0,0.0,50.63,-35.05,-36.12
3bx1_complex,A,ALA,29,0,33,E,0.0,1.0,0.0,0.0,50.27,-31.85,-38.18
3bx1_complex,A,VAL,30,0,30,E,0.0,1.0,0.0,0.0,47.76,-29.24,-37.12
3bx1_complex,A,LEU,31,0,30,E,0.0,1.0,0.0,0.0,46.64,-27.4,-40.24
3bx1_complex,A,ASP,32,0,32,E,0.0,1.0,0.0,0.0,45.18,-24.28,-38.78
3bx1_complex,A,THR,33,1,32,S,0.0,0.0,1.0,0.0141,45.83,-20.67,-37.61
3bx1_complex,A,GLY,34,0,32,-,0.0,0.0,1.0,0.0,49.28,-21.7,-36.23
3bx1_complex,A,ILE,35,0,35,-,0.0,0.0,1.0,0.0,50.22,-22.92,-32.66
3bx1_complex,A,SER,36,0,27,-,0.0,0.0,1.0,0.1077,51.59,-20.54,-30.02
3bx1_complex,A,THR,38,0,17,-,0.0,0.0,1.0,0.6761,54.35,-21.72,-27.73
3bx1_complex,A,HIS,39,0,17,-,0.0,0.0,1.0,0.0707,52.56,-22.63,-24.5
3bx1_complex,A,PRO,40,0,15,T,0.0,0.0,1.0,0.5074,53.73,-24.3,-21.22
3bx1_complex,A,ASP,41,0,25,T,0.0,0.0,1.0,0.0,51.42,-27.16,-21.82
3bx1_complex,A,LEU,42,0,27,-,0.0,0.0,1.0,0.0854,52.46,-27.91,-25.45
3bx1_complex,A,ASN,43,0,21,-,0.0,0.0,1.0,0.4522,55.6,-29.23,-27.16
3bx1_complex,A,ILE,44,0,16,E,0.0,1.0,0.0,0.2544,55.83,-28.0,-30.76
3bx1_complex,A,ARG,45,0,13,E,0.0,1.0,0.0,0.4476,58.36,-29.92,-32.86
3bx1_complex,A,GLY,46,0,13,E,0.0,1.0,0.0,0.3214,58.23,-27.72,-35.97
3bx1_complex,A,GLY,47,0,21,E,0.0,1.0,0.0,0.369,56.1,-26.84,-38.98
3bx1_complex,A,ALA,48,0,21,E,0.0,1.0,0.0,0.1887,55.68,-24.21,-41.68
3bx1_complex,A,SER,49,0,25,E,0.0,1.0,0.0,0.2077,53.48,-21.29,-42.77
3bx1_complex,A,PHE,50,0,23,-,0.0,0.0,1.0,0.2234,51.66,-20.97,-46.11
3bx1_complex,A,VAL,51,0,25,S,0.0,0.0,1.0,0.1127,49.83,-17.76,-45.35
3bx1_complex,A,PRO,52,0,10,T,0.0,0.0,1.0,0.8309,51.04,-14.72,-47.33
3bx1_complex,A,GLY,53,0,8,T,0.0,0.0,1.0,0.9405,52.2,-11.94,-44.97
3bx1_complex,A,GLU,54,0,18,-,0.0,0.0,1.0,0.3351,52.14,-14.26,-41.91
3bx1_complex,A,PRO,55,0,11,-,0.0,0.0,1.0,0.8603,55.48,-16.06,-42.1
3bx1_complex,A,SER,56,0,18,S,0.0,0.0,1.0,0.4692,55.76,-17.48,-38.51
3bx1_complex,A,THR,57,0,23,-,0.0,0.0,1.0,0.2465,53.92,-20.54,-37.17
3bx1_complex,A,GLN,59,0,22,-,0.0,0.0,1.0,0.3687,52.67,-18.68,-34.06
3bx1_complex,A,ASP,60,0,24,-,0.0,0.0,1.0,0.0552,48.9,-18.39,-33.52
3bx1_complex,A,GLY,61,0,19,S,0.0,0.0,1.0,0.7381,47.37,-14.9,-33.76
3bx1_complex,A,ASN,62,1,20,S,0.0,0.0,1.0,0.3758,43.83,-16.27,-33.49
3bx1_complex,A,GLY,63,0,23,S,0.0,0.0,1.0,0.0,43.86,-18.9,-30.68
3bx1_complex,A,HIS,64,1,26,H,1.0,0.0,0.0,0.1902,42.04,-21.61,-32.61
3bx1_complex,A,GLY,65,0,32,H,1.0,0.0,0.0,0.0,45.0,-23.71,-33.74
3bx1_complex,A,THR,66,0,28,H,1.0,0.0,0.0,0.0,46.51,-23.53,-30.22
3bx1_complex,A,HIS,67,0,28,H,1.0,0.0,0.0,0.0,43.21,-24.89,-28.72
3bx1_complex,A,VAL,68,0,33,H,1.0,0.0,0.0,0.0,43.01,-27.64,-31.31
3bx1_complex,A,ALA,69,0,34,H,1.0,0.0,0.0,0.0,46.64,-28.62,-30.61
3bx1_complex,A,GLY,70,0,31,H,1.0,0.0,0.0,0.0119,45.97,-28.98,-26.8
3bx1_complex,A,THR,71,0,30,H,1.0,0.0,0.0,0.0352,43.1,-31.35,-27.35
3bx1_complex,A,ILE,72,0,33,H,1.0,0.0,0.0,0.0,45.48,-33.57,-29.38
3bx1_complex,A,ALA,73,0,32,H,1.0,0.0,0.0,0.0189,48.69,-33.33,-27.31
3bx1_complex,A,ALA,74,0,29,-,0.0,0.0,1.0,0.0,48.49,-31.12,-24.23
3bx1_complex,A,LEU,75,0,24,-,0.0,0.0,1.0,0.2927,51.39,-32.42,-22.11
3bx1_complex,A,ASN,76,0,20,S,0.0,0.0,1.0,0.6815,50.93,-34.78,-19.22
3bx1_complex,A,ASN,77,0,13,S,0.0,0.0,1.0,0.3439,52.43,-32.86,-16.32
3bx1_complex,A,SER,78,0,11,S,0.0,0.0,1.0,0.7462,51.09,-30.96,-13.34
3bx1_complex,A,ILE,79,0,13,S,0.0,0.0,1.0,0.4024,49.55,-28.02,-15.16
3bx1_complex,A,GLY,80,0,23,S,0.0,0.0,1.0,0.1667,46.66,-27.06,-17.48
3bx1_complex,A,VAL,81,0,25,-,0.0,0.0,1.0,0.007,45.02,-29.94,-19.3
3bx1_complex,A,LEU,82,0,29,-,0.0,0.0,1.0,0.0549,45.83,-33.28,-20.95
3bx1_complex,A,GLY,83,0,31,-,0.0,0.0,1.0,0.0,45.63,-34.37,-24.62
3bx1_complex,A,VAL,84,0,37,S,0.0,0.0,1.0,0.0,44.33,-37.6,-26.07
3bx1_complex,A,ALA,85,0,34,S,0.0,0.0,1.0,0.0,47.92,-38.13,-27.25
3bx1_complex,A,PRO,86,0,29,T,0.0,0.0,1.0,0.0515,50.24,-36.22,-24.9
3bx1_complex,A,SER,87,0,24,T,0.0,0.0,1.0,0.3692,53.47,-37.56,-26.44
3bx1_complex,A,ALA,88,0,27,-,0.0,0.0,1.0,0.0283,52.48,-36.98,-30.05
3bx1_complex,A,GLU,89,0,23,E,0.0,1.0,0.0,0.2268,54.94,-34.96,-32.08
3bx1_complex,A,LEU,90,0,26,E,0.0,1.0,0.0,0.0,53.12,-31.73,-32.92
3bx1_complex,A,TYR,91,0,24,E,0.0,1.0,0.0,0.1622,53.67,-29.71,-36.07
3bx1_complex,A,ALA,92,0,28,E,0.0,1.0,0.0,0.0,52.21,-26.21,-36.6
3bx1_complex,A,VAL,93,0,33,E,0.0,1.0,0.0,0.0,51.13,-25.85,-40.23
3bx1_complex,A,LYS,94,0,31,E,0.0,1.0,0.0,0.0488,49.62,-22.39,-40.63
3bx1_complex,A,VAL,95,0,32,-,0.0,0.0,1.0,0.0,47.19,-22.47,-43.56
3bx1_complex,A,LEU,96,1,27,S,0.0,0.0,1.0,0.0671,44.68,-19.97,-42.08
3bx1_complex,A,GLY,97,0,22,-,0.0,0.0,1.0,0.0357,45.48,-16.36,-41.24
3bx1_complex,A,ALA,98,0,20,T,0.0,0.0,1.0,0.3962,44.82,-14.69,-37.87
3bx1_complex,A,SER,99,1,9,T,0.0,0.0,1.0,0.7308,41.48,-13.69,-39.41
3bx1_complex,A,GLY,100,1,15,S,0.0,0.0,1.0,0.3929,40.62,-17.46,-39.32
3bx1_complex,A,SER,101,1,15,-,0.0,0.0,1.0,0.6154,40.34,-17.95,-43.14
3bx1_complex,A,GLY,102,1,20,-,0.0,0.0,1.0,0.4405,42.46,-19.66,-45.74
3bx1_complex,A,SER,103,1,14,-,0.0,0.0,1.0,0.4462,42.57,-20.21,-49.48
3bx1_complex,A,VAL,104,1,17,H,1.0,0.0,0.0,0.4085,42.49,-23.45,-51.51
3bx1_complex,A,SER,105,0,15,H,1.0,0.0,0.0,0.5,46.19,-22.75,-52.15
3bx1_complex,A,SER,106,0,22,H,1.0,0.0,0.0,0.0462,47.33,-22.2,-48.51
3bx1_complex,A,ILE,107,1,25,H,1.0,0.0,0.0,0.071,45.5,-25.36,-47.44
3bx1_complex,A,ALA,108,0,22,H,1.0,0.0,0.0,0.1698,46.75,-27.37,-50.42
3bx1_complex,A,GLN,109,0,21,H,1.0,0.0,0.0,0.3687,50.34,-26.34,-49.76
3bx1_complex,A,GLY,110,0,30,H,1.0,0.0,0.0,0.0,49.84,-27.34,-46.08
3bx1_complex,A,LEU,111,0,29,H,1.0,0.0,0.0,0.0,48.71,-30.82,-47.12
3bx1_complex,A,GLU,112,0,17,H,1.0,0.0,0.0,0.6082,51.65,-31.11,-49.55
3bx1_complex,A,TRP,113,0,19,H,1.0,0.0,0.0,0.1586,53.96,-30.11,-46.68
3bx1_complex,A,ALA,114,0,30,H,1.0,0.0,0.0,0.0,52.41,-32.9,-44.54
3bx1_complex,A,GLY,115,0,22,H,1.0,0.0,0.0,0.0833,53.12,-35.46,-47.31
3bx1_complex,A,ASN,116,0,12,H,1.0,0.0,0.0,0.5924,56.74,-34.24,-47.82
3bx1_complex,A,ASN,117,0,14,T,0.0,0.0,1.0,0.4459,57.53,-34.34,-44.12
3bx1_complex,A,GLY,118,0,16,T,0.0,0.0,1.0,0.4405,56.06,-37.77,-43.29
3bx1_complex,A,MET,119,0,23,-,0.0,0.0,1.0,0.0213,53.2,-36.65,-41.07
3bx1_complex,A,HIS,120,0,26,S,0.0,0.0,1.0,0.3043,51.11,-39.57,-39.94
3bx1_complex,A,VAL,121,0,28,E,0.0,1.0,0.0,0.0282,47.99,-37.46,-39.2
3bx1_complex,A,ALA,122,0,28,E,0.0,1.0,0.0,0.0,46.81,-34.09,-40.45
3bx1_complex,A,ASN,123,0,30,E,0.0,1.0,0.0,0.0,44.07,-32.39,-38.41
3bx1_complex,A,LEU,124,0,30,E,0.0,1.0,0.0,0.0,42.02,-29.86,-40.39
3bx1_complex,A,SER,125,0,27,-,0.0,0.0,1.0,0.0077,39.58,-28.17,-38.06
3bx1_complex,A,LEU,126,1,28,-,0.0,0.0,1.0,0.1098,38.44,-25.88,-40.88
3bx1_complex,A,GLY,127,1,21,-,0.0,0.0,1.0,0.5119,36.08,-25.84,-43.85
3bx1_complex,A,SER,128,1,17,B,0.0,1.0,0.0,0.3462,33.12,-24.33,-45.64
3bx1_complex,A,PRO,129,1,14,S,0.0,0.0,1.0,0.8088,30.43,-25.39,-48.1
3bx1_complex,A,SER,130,1,10,-,0.0,0.0,1.0,0.5769,32.87,-24.45,-51.03
3bx1_complex,A,PRO,131,1,15,-,0.0,0.0,1.0,0.6544,33.81,-27.36,-53.2
3bx1_complex,A,SER,132,1,12,-,0.0,0.0,1.0,0.1538,37.21,-27.36,-54.91
3bx1_complex,A,ALA,133,0,10,H,1.0,0.0,0.0,0.7736,38.68,-30.02,-57.18
3bx1_complex,A,THR,134,1,12,H,1.0,0.0,0.0,0.5704,42.14,-28.61,-56.42
3bx1_complex,A,LEU,135,1,22,H,1.0,0.0,0.0,0.0671,41.54,-29.08,-52.7
3bx1_complex,A,GLU,136,0,20,H,1.0,0.0,0.0,0.4072,40.24,-32.67,-53.26
3bx1_complex,A,GLN,137,0,13,H,1.0,0.0,0.0,0.697,43.37,-33.52,-55.29
3bx1_complex,A,ALA,138,0,20,H,1.0,0.0,0.0,0.1321,45.58,-32.28,-52.39
3bx1_complex,A,VAL,139,0,27,H,1.0,0.0,0.0,0.0,43.7,-34.49,-49.87
3bx1_complex,A,ASN,140,0,18,H,1.0,0.0,0.0,0.3185,44.07,-37.45,-52.25
3bx1_complex,A,SER,141,0,17,H,1.0,0.0,0.0,0.4692,47.71,-36.77,-52.7
3bx1_complex,A,ALA,142,0,26,H,1.0,0.0,0.0,0.0283,48.45,-36.56,-48.93
3bx1_complex,A,THR,143,0,23,H,1.0,0.0,0.0,0.1479,46.43,-39.74,-48.4
3bx1_complex,A,SER,144,0,13,H,1.0,0.0,0.0,0.7385,48.47,-41.55,-51.14
3bx1_complex,A,ARG,145,0,18,T,0.0,0.0,1.0,0.4879,51.59,-40.48,-49.25
3bx1_complex,A,GLY,146,0,18,T,0.0,0.0,1.0,0.4405,50.49,-42.0,-45.93
3bx1_complex,A,VAL,147,0,29,-,0.0,0.0,1.0,0.007,48.83,-39.03,-44.2
3bx1_complex,A,LEU,148,0,29,E,0.0,1.0,0.0,0.0366,45.58,-39.76,-42.31
3bx1_complex,A,VAL,149,0,27,E,0.0,1.0,0.0,0.007,43.53,-36.62,-43.06
3bx1_complex,A,VAL,150,0,26,E,0.0,1.0,0.0,0.0,41.0,-35.79,-40.33
3bx1_complex,A,ALA,151,0,32,E,0.0,1.0,0.0,0.0,38.62,-32.9,-40.75
3bx1_complex,A,ALA,152,1,34,E,0.0,1.0,0.0,0.0377,35.67,-31.2,-39.02
3bx1_complex,A,SER,153,0,39,-,0.0,0.0,1.0,0.0,32.14,-31.99,-40.31
3bx1_complex,A,GLY,154,1,30,-,0.0,0.0,1.0,0.0833,31.08,-28.31,-39.93
3bx1_complex,A,ASN,155,1,23,S,0.0,0.0,1.0,0.5287,29.03,-26.02,-37.71
3bx1_complex,A,SER,156,1,17,S,0.0,0.0,1.0,0.6154,26.03,-25.08,-39.83
3bx1_complex,A,GLY,157,0,15,-,0.0,0.0,1.0,0.3452,23.6,-27.69,-38.38
3bx1_complex,A,ALA,158,0,15,-,0.0,0.0,1.0,0.3868,22.83,-28.95,-41.94
3bx1_complex,A,GLY,159,0,15,S,0.0,0.0,1.0,0.5357,22.33,-32.48,-43.19
3bx1_complex,A,SER,164,0,20,S,0.0,0.0,1.0,0.3538,25.41,-32.51,-45.37
3bx1_complex,A,ILE,165,0,28,-,0.0,0.0,1.0,0.0237,28.96,-31.95,-44.28
3bx1_complex,A,SER,166,0,27,-,0.0,0.0,1.0,0.0615,31.53,-29.25,-44.98
3bx1_complex,A,TYR,167,1,22,B,0.0,1.0,0.0,0.1982,34.53,-29.35,-47.29
3bx1_complex,A,PRO,168,0,30,T,0.0,0.0,1.0,0.0074,37.17,-30.79,-47.15
3bx1_complex,A,ALA,169,0,30,T,0.0,0.0,1.0,0.0094,35.64,-33.2,-44.67
3bx1_complex,A,ARG,170,0,28,T,0.0,0.0,1.0,0.4677,33.1,-34.16,-47.32
3bx1_complex,A,TYR,171,0,21,S,0.0,0.0,1.0,0.1126,35.84,-35.49,-49.67
3bx1_complex,A,ALA,172,0,14,T,0.0,0.0,1.0,0.7358,36.02,-39.32,-49.4
3bx1_complex,A,ASN,173,0,21,T,0.0,0.0,1.0,0.4204,39.62,-39.56,-48.24
3bx1_complex,A,ALA,174,0,27,E,0.0,1.0,0.0,0.0094,39.08,-37.11,-45.37
3bx1_complex,A,MET,175,0,28,E,0.0,1.0,0.0,0.0,37.79,-38.7,-42.22
3bx1_complex,A,ALA,176,0,31,E,0.0,1.0,0.0,0.0,34.94,-36.46,-41.25
3bx1_complex,A,VAL,177,0,40,E,0.0,1.0,0.0,0.0,34.24,-35.8,-37.54
3bx1_complex,A,GLY,178,0,35,E,0.0,1.0,0.0,0.0,31.04,-34.51,-35.95
3bx1_complex,A,ALA,179,0,32,E,0.0,1.0,0.0,0.0,30.55,-33.12,-32.39
3bx1_complex,A,THR,180,0,26,E,0.0,1.0,0.0,0.0,28.75,-34.67,-29.39
3bx1_complex,A,ASP,181,0,18,-,0.0,0.0,1.0,0.1963,27.62,-33.19,-26.1
3bx1_complex,A,GLN,182,0,14,T,0.0,0.0,1.0,0.3687,27.89,-34.47,-22.48
3bx1_complex,A,ASN,183,0,8,T,0.0,0.0,1.0,0.7898,24.91,-36.75,-22.98
3bx1_complex,A,ASN,184,0,16,S,0.0,0.0,1.0,0.2675,26.32,-38.39,-26.14
3bx1_complex,A,ASN,185,0,16,-,0.0,0.0,1.0,0.5159,23.78,-36.48,-28.29
3bx1_complex,A,ARG,186,0,23,B,0.0,1.0,0.0,0.246,24.65,-34.69,-31.57
3bx1_complex,A,ALA,187,0,21,-,0.0,0.0,1.0,0.0472,25.38,-31.06,-30.73
3bx1_complex,A,SER,188,0,13,T,0.0,0.0,1.0,0.7692,22.8,-29.12,-32.72
3bx1_complex,A,PHE,189,0,18,T,0.0,0.0,1.0,0.2589,25.38,-27.21,-34.8
3bx1_complex,A,SER,190,0,28,-,0.0,0.0,1.0,0.0,27.22,-30.36,-35.84
3bx1_complex,A,GLN,191,1,27,-,0.0,0.0,1.0,0.0606,26.73,-31.12,-39.58
3bx1_complex,A,TYR,192,0,31,-,0.0,0.0,1.0,0.2523,25.93,-34.69,-40.62
3bx1_complex,A,GLY,193,0,18,S,0.0,0.0,1.0,0.0476,25.19,-36.76,-43.76
3bx1_complex,A,ALA,194,0,14,T,0.0,0.0,1.0,0.9717,26.55,-39.67,-45.69
3bx1_complex,A,GLY,195,0,24,T,0.0,0.0,1.0,0.3095,30.09,-38.18,-45.57
3bx1_complex,A,LEU,196,0,30,E,0.0,1.0,0.0,0.0427,30.33,-38.29,-41.73
3bx1_complex,A,ASP,197,0,30,E,0.0,1.0,0.0,0.0675,32.67,-40.99,-40.3
3bx1_complex,A,ILE,198,0,32,E,0.0,1.0,0.0,0.0,32.6,-40.66,-36.48
3bx1_complex,A,VAL,199,0,36,E,0.0,1.0,0.0,0.0,31.78,-38.17,-33.72
3bx1_complex,A,ALA,200,0,29,E,0.0,1.0,0.0,0.0,33.67,-36.87,-30.66
3bx1_complex,A,PRO,201,0,34,E,0.0,1.0,0.0,0.0,33.12,-34.37,-27.79
3bx1_complex,A,GLY,202,0,27,-,0.0,0.0,1.0,0.0,32.71,-30.83,-29.05
3bx1_complex,A,VAL,203,0,21,S,0.0,0.0,1.0,0.2042,30.9,-28.87,-26.39
3bx1_complex,A,ASN,204,0,17,S,0.0,0.0,1.0,0.5159,32.59,-27.07,-23.42
3bx1_complex,A,VAL,205,0,23,E,0.0,1.0,0.0,0.0352,36.03,-28.28,-24.53
3bx1_complex,A,GLN,206,0,26,E,0.0,1.0,0.0,0.3636,38.74,-26.66,-22.42
3bx1_complex,A,SER,207,0,29,E,0.0,1.0,0.0,0.0077,42.15,-26.6,-23.99
3bx1_complex,A,THR,208,0,32,E,0.0,1.0,0.0,0.0,45.3,-24.56,-24.42
3bx1_complex,A,TYR,209,0,25,E,0.0,1.0,0.0,0.3649,45.04,-20.89,-25.54
3bx1_complex,A,PRO,210,0,20,T,0.0,0.0,1.0,0.2279,47.68,-18.25,-26.4
3bx1_complex,A,GLY,211,0,11,T,0.0,0.0,1.0,0.7857,49.34,-16.23,-23.57
3bx1_complex,A,SER,212,0,13,T,0.0,0.0,1.0,0.5308,49.67,-19.41,-21.49
3bx1_complex,A,THR,213,0,14,E,0.0,1.0,0.0,0.4366,45.88,-19.54,-20.95
3bx1_complex,A,TYR,214,0,19,E,0.0,1.0,0.0,0.3108,43.03,-22.01,-21.34
3bx1_complex,A,ALA,215,0,13,E,0.0,1.0,0.0,0.2358,39.58,-21.58,-22.87
3bx1_complex,A,SER,216,0,14,E,0.0,1.0,0.0,0.4923,36.38,-23.49,-23.31
3bx1_complex,A,LEU,217,0,17,E,0.0,1.0,0.0,0.2805,35.13,-23.61,-26.93
3bx1_complex,A,ASN,218,0,19,-,0.0,0.0,1.0,0.6369,32.3,-25.44,-28.71
3bx1_complex,A,GLY,219,0,23,S,0.0,0.0,1.0,0.0119,32.58,-26.67,-32.33
3bx1_complex,A,THR,220,1,30,H,1.0,0.0,0.0,0.0141,33.22,-29.56,-34.61
3bx1_complex,A,SER,221,1,28,H,1.0,0.0,0.0,0.1077,36.74,-28.06,-34.71
3bx1_complex,A,MET,222,0,32,H,1.0,0.0,0.0,0.0213,37.05,-29.26,-31.07
3bx1_complex,A,ALA,223,0,31,H,1.0,0.0,0.0,0.0,35.7,-32.71,-31.9
3bx1_complex,A,THR,224,0,31,H,1.0,0.0,0.0,0.0,38.19,-33.44,-34.69
3bx1_complex,A,PRO,225,0,33,H,1.0,0.0,0.0,0.0,41.44,-33.29,-32.53
3bx1_complex,A,HIS,226,0,33,H,1.0,0.0,0.0,0.0054,39.93,-36.0,-30.29
3bx1_complex,A,VAL,227,0,32,H,1.0,0.0,0.0,0.0,39.97,-38.31,-33.33
3bx1_complex,A,ALA,228,0,31,H,1.0,0.0,0.0,0.0,43.38,-37.14,-34.65
3bx1_complex,A,GLY,229,0,29,H,1.0,0.0,0.0,0.0,44.75,-37.95,-31.17
3bx1_complex,A,ALA,230,0,31,H,1.0,0.0,0.0,0.0,43.1,-41.35,-31.07
3bx1_complex,A,ALA,231,0,30,H,1.0,0.0,0.0,0.0094,44.59,-42.14,-34.56
3bx1_complex,A,ALA,232,0,33,H,1.0,0.0,0.0,0.0,48.0,-41.33,-33.06
3bx1_complex,A,LEU,233,0,31,H,1.0,0.0,0.0,0.0,47.34,-43.88,-30.22
3bx1_complex,A,VAL,234,0,26,H,1.0,0.0,0.0,0.0,46.34,-46.61,-32.69
3bx1_complex,A,LYS,235,0,25,H,1.0,0.0,0.0,0.1902,49.41,-45.84,-34.82
3bx1_complex,A,GLN,236,0,21,H,1.0,0.0,0.0,0.2727,51.76,-46.07,-31.86
3bx1_complex,A,LYS,237,0,20,H,1.0,0.0,0.0,0.4585,50.29,-49.47,-31.07
3bx1_complex,A,ASN,238,0,13,-,0.0,0.0,1.0,0.2038,50.35,-50.58,-34.75
3bx1_complex,A,PRO,239,0,13,T,0.0,0.0,1.0,0.6765,53.24,-48.82,-36.52
3bx1_complex,A,SER,240,0,9,T,0.0,0.0,1.0,0.8615,52.88,-50.86,-39.76
3bx1_complex,A,TRP,241,0,14,-,0.0,0.0,1.0,0.2599,49.17,-49.97,-40.21
3bx1_complex,A,SER,242,0,15,-,0.0,0.0,1.0,0.3538,48.19,-47.68,-43.14
3bx1_complex,A,ASN,243,0,20,H,1.0,0.0,0.0,0.1401,46.09,-44.51,-42.81
3bx1_complex,A,VAL,244,0,15,H,1.0,0.0,0.0,0.5282,43.15,-46.66,-44.06
3bx1_complex,A,GLN,245,0,15,H,1.0,0.0,0.0,0.4495,43.54,-49.44,-41.48
3bx1_complex,A,ILE,246,0,21,H,1.0,0.0,0.0,0.0533,43.72,-46.87,-38.65
3bx1_complex,A,ARG,247,0,23,H,1.0,0.0,0.0,0.1452,40.61,-45.15,-39.95
3bx1_complex,A,ASN,248,0,15,H,1.0,0.0,0.0,0.4586,38.6,-48.37,-40.27
3bx1_complex,A,HIS,249,0,15,H,1.0,0.0,0.0,0.2663,39.65,-49.52,-36.85
3bx1_complex,A,LEU,250,0,26,H,1.0,0.0,0.0,0.0061,38.64,-46.24,-35.22
3bx1_complex,A,LYS,251,0,22,H,1.0,0.0,0.0,0.2732,35.22,-46.65,-36.89
3bx1_complex,A,ASN,252,0,17,H,1.0,0.0,0.0,0.8344,34.88,-50.38,-36.13
3bx1_complex,A,THR,253,0,19,H,1.0,0.0,0.0,0.2183,35.52,-49.81,-32.41
3bx1_complex,A,ALA,254,0,23,S,0.0,0.0,1.0,0.1415,33.48,-46.59,-31.98
3bx1_complex,A,THR,255,0,19,B,0.0,1.0,0.0,0.4085,30.51,-46.69,-29.67
3bx1_complex,A,SER,256,0,17,-,0.0,0.0,1.0,0.6769,27.4,-46.68,-31.86
3bx1_complex,A,LEU,257,0,17,-,0.0,0.0,1.0,0.2622,24.95,-43.87,-30.92
3bx1_complex,A,GLY,258,0,12,S,0.0,0.0,1.0,0.5,22.07,-44.31,-33.34
3bx1_complex,A,SER,259,0,10,-,0.0,0.0,1.0,0.4846,21.8,-43.63,-37.05
3bx1_complex,A,THR,260,0,17,H,1.0,0.0,0.0,0.7324,25.05,-43.7,-39.06
3bx1_complex,A,ASN,261,0,17,H,1.0,0.0,0.0,0.4331,23.74,-40.64,-40.98
3bx1_complex,A,LEU,262,0,23,H,1.0,0.0,0.0,0.2988,23.73,-38.5,-37.82
3bx1_complex,A,TYR,263,0,28,H,1.0,0.0,0.0,0.1261,26.79,-40.04,-36.06
3bx1_complex,A,GLY,264,0,24,T,0.0,0.0,1.0,0.0714,28.72,-42.09,-38.62
3bx1_complex,A,SER,265,0,23,T,0.0,0.0,1.0,0.2308,30.22,-45.09,-36.72
3bx1_complex,A,GLY,266,0,28,-,0.0,0.0,1.0,0.0,29.48,-43.31,-33.4
3bx1_complex,A,LEU,267,0,28,B,0.0,1.0,0.0,0.0488,31.59,-42.01,-30.52
3bx1_complex,A,VAL,268,0,29,-,0.0,0.0,1.0,0.007,35.33,-42.5,-30.87
3bx1_complex,A,ASN,269,0,25,-,0.0,0.0,1.0,0.0828,36.64,-44.9,-28.2
3bx1_complex,A,ALA,270,0,31,H,1.0,0.0,0.0,0.0,40.38,-44.81,-27.68
3bx1_complex,A,GLU,271,0,21,H,1.0,0.0,0.0,0.1546,40.15,-47.68,-25.17
3bx1_complex,A,ALA,272,0,18,H,1.0,0.0,0.0,0.1226,38.39,-50.08,-27.61
3bx1_complex,A,ALA,273,0,22,H,1.0,0.0,0.0,0.0094,40.56,-48.88,-30.53
3bx1_complex,A,THR,274,0,23,H,1.0,0.0,0.0,0.0,43.77,-49.88,-28.69
3bx1_complex,A,ARG,275,0,11,-,0.0,0.0,1.0,0.754,42.58,-53.05,-26.99
