chain_id,residue_index,residue_name,interface_label,chain_type
A,1,GLU,0,receptor
A,2,VAL,0,receptor
A,3,GLN,0,receptor
A,4,LEU,0,receptor
A,5,VAL,0,receptor
A,6,GLU,0,receptor
A,7,SER,0,receptor
A,8,GLY,0,receptor
A,9,GLY,0,receptor
A,10,GLY,0,receptor
A,11,LEU,0,receptor
A,12,VAL,0,receptor
A,13,GLN,0,receptor
A,14,PRO,0,receptor
A,15,GLY,0,receptor
A,16,GLY,0,receptor
A,17,SER,0,receptor
A,18,LEU,0,receptor
A,19,ARG,0,receptor
A,20,LEU,0,receptor
A,21,SER,0,receptor
A,22,CYS,0,receptor
A,23,ALA,0,receptor
A,24,ALA,0,receptor
A,25,SER,0,receptor
A,26,GLY,0,receptor
A,27,PHE,0,receptor
A,28,THR,0,receptor
A,29,VAL,0,receptor
A,30,SER,0,receptor
A,31,SER,0,receptor
A,32,TYR,0,receptor
A,33,GLY,0,receptor
A,34,MET,0,receptor
A,35,SER,1,receptor
A,36,TRP,0,receptor
A,37,VAL,1,receptor
A,38,ARG,0,receptor
A,39,GLN,0,receptor
A,40,ALA,0,receptor
A,41,PRO,0,receptor
A,42,GLY,0,receptor
A,43,LYS,0,receptor
A,44,GLY,1,receptor
A,45,PRO,1,receptor
A,46,GLU,0,receptor
A,47,TRP,1,receptor
A,48,VAL,0,receptor
A,49,SER,0,receptor
A,50,GLY,1,receptor
A,51,ILE,1,receptor
A,52,ARG,1,receptor
A,53,GLY,0,receptor
A,54,SER,1,receptor
A,55,ASP,0,receptor
A,56,GLY,0,receptor
A,57,SER,0,receptor
A,58,THR,0,receptor
A,59,TYR,1,receptor
A,60,TYR,0,receptor
A,61,ALA,0,receptor
A,62,ASP,0,receptor
A,63,SER,0,receptor
A,64,VAL,0,receptor
A,65,LYS,0,receptor
A,66,GLY,0,receptor
A,67,ARG,0,receptor
A,68,PHE,0,receptor
A,69,THR,0,receptor
A,70,ILE,0,receptor
A,71,SER,0,receptor
A,72,ARG,0,receptor
A,73,ASP,0,receptor
A,74,ASN,0,receptor
A,75,SER,0,receptor
A,76,LYS,0,receptor
A,77,ASN,0,receptor
A,78,THR,0,receptor
A,79,LEU,0,receptor
A,80,TYR,0,receptor
A,81,LEU,0,receptor
A,82,GLN,0,receptor
A,83,MET,0,receptor
A,84,ASN,0,receptor
A,85,SER,0,receptor
A,86,LEU,0,receptor
A,87,ARG,0,receptor
A,88,ALA,0,receptor
A,89,GLU,0,receptor
A,90,ASP,0,receptor
A,91,THR,0,receptor
A,92,ALA,0,receptor
A,93,VAL,0,receptor
A,94,TYR,0,receptor
A,95,TYR,1,receptor
A,96,CYS,0,receptor
A,97,ALA,1,receptor
A,98,LYS,0,receptor
A,99,GLN,1,receptor
A,100,GLY,0,receptor
A,101,GLU,1,receptor
A,102,ASN,1,receptor
A,103,ASP,1,receptor
A,104,GLY,1,receptor
A,105,PRO,1,receptor
A,106,PHE,1,receptor
A,107,ASP,1,receptor
A,108,HIS,1,receptor
A,109,ARG,1,receptor
A,110,GLY,0,receptor
A,111,GLN,0,receptor
A,112,GLY,0,receptor
A,113,THR,0,receptor
A,114,LEU,0,receptor
A,115,VAL,0,receptor
A,116,THR,0,receptor
A,117,VAL,0,receptor
A,118,SER,0,receptor
C,5,GLY,0,ligand
C,6,GLN,0,ligand
C,7,CYS,0,ligand
C,8,SER,0,ligand
C,9,GLN,0,ligand
C,10,ASN,0,ligand
C,11,GLU,1,ligand
C,12,TYR,1,ligand
C,13,PHE,0,ligand
C,14,ASP,1,ligand
C,15,SER,0,ligand
C,16,LEU,1,ligand
C,17,LEU,1,ligand
C,18,HIS,1,ligand
C,19,ALA,1,ligand
C,20,CYS,1,ligand
C,21,ILE,1,ligand
C,22,PRO,1,ligand
C,23,CYS,0,ligand
C,24,GLN,1,ligand
C,25,LEU,1,ligand
C,26,ARG,1,ligand
C,27,CYS,1,ligand
C,28,SER,1,ligand
C,29,SER,1,ligand
C,30,ASN,1,ligand
C,31,THR,1,ligand
C,32,PRO,0,ligand
C,33,PRO,0,ligand
C,34,LEU,0,ligand
C,35,THR,0,ligand
C,36,CYS,0,ligand
C,37,GLN,0,ligand
C,38,ARG,0,ligand
C,39,TYR,0,ligand
C,40,CYS,0,ligand
C,41,ASN,0,ligand
C,42,ALA,0,ligand
C,43,SER,0,ligand
