chain_id,residue_index,residue_name,interface_label,chain_type
A,1,CYS,1,receptor
A,2,SER,1,receptor
A,3,CYS,1,receptor
A,4,SER,1,receptor
A,5,PRO,1,receptor
A,6,VAL,1,receptor
A,7,HIS,0,receptor
A,8,PRO,0,receptor
A,9,GLN,0,receptor
A,10,GLN,1,receptor
A,11,ALA,1,receptor
A,12,PHE,0,receptor
A,13,CYS,0,receptor
A,14,ASN,1,receptor
A,15,ALA,0,receptor
A,16,ASP,0,receptor
A,17,VAL,0,receptor
A,18,VAL,0,receptor
A,19,ILE,0,receptor
A,20,ARG,0,receptor
A,21,ALA,0,receptor
A,22,LYS,0,receptor
A,23,ALA,0,receptor
A,24,VAL,0,receptor
A,25,SER,0,receptor
A,26,GLU,0,receptor
A,27,LYS,0,receptor
A,28,GLU,0,receptor
A,29,VAL,0,receptor
A,30,ASP,0,receptor
A,31,SER,1,receptor
A,32,GLY,1,receptor
A,33,ASN,1,receptor
A,34,ASP,1,receptor
A,35,ILE,0,receptor
A,36,TYR,1,receptor
A,37,GLY,0,receptor
A,38,ASN,1,receptor
A,39,PRO,1,receptor
A,40,ILE,1,receptor
A,41,LYS,1,receptor
A,42,ARG,1,receptor
A,43,ILE,0,receptor
A,44,GLN,0,receptor
A,45,TYR,0,receptor
A,46,GLU,0,receptor
A,47,ILE,0,receptor
A,48,LYS,0,receptor
A,49,GLN,0,receptor
A,50,ILE,0,receptor
A,51,LYS,0,receptor
A,52,MET,0,receptor
A,53,PHE,0,receptor
A,54,LYS,0,receptor
A,55,GLY,0,receptor
A,56,PRO,0,receptor
A,57,GLU,0,receptor
A,58,LYS,0,receptor
A,59,ASP,0,receptor
A,60,ILE,0,receptor
A,61,GLU,0,receptor
A,62,PHE,0,receptor
A,63,ILE,0,receptor
A,64,TYR,0,receptor
A,65,THR,1,receptor
A,66,ALA,1,receptor
A,67,PRO,1,receptor
A,68,SER,1,receptor
A,69,SER,1,receptor
A,70,ALA,1,receptor
A,71,VAL,1,receptor
A,72,CYS,1,receptor
A,73,GLY,0,receptor
A,74,VAL,0,receptor
A,75,SER,0,receptor
A,76,LEU,0,receptor
A,77,ASP,0,receptor
A,78,VAL,0,receptor
A,79,GLY,0,receptor
A,80,GLY,0,receptor
A,81,LYS,0,receptor
A,82,LYS,0,receptor
A,83,GLU,0,receptor
A,84,TYR,0,receptor
A,85,LEU,0,receptor
A,86,ILE,0,receptor
A,87,ALA,0,receptor
A,88,GLY,0,receptor
A,89,LYS,0,receptor
A,90,ALA,0,receptor
A,91,GLU,0,receptor
A,92,GLY,0,receptor
A,93,ASP,0,receptor
A,94,GLY,0,receptor
A,95,LYS,0,receptor
A,96,MET,0,receptor
A,97,HIS,1,receptor
A,98,ILE,0,receptor
A,99,THR,1,receptor
A,100,LEU,1,receptor
A,101,CYS,1,receptor
A,102,ASP,1,receptor
A,103,PHE,0,receptor
A,104,ILE,0,receptor
A,105,VAL,0,receptor
A,106,PRO,0,receptor
A,107,TRP,0,receptor
A,108,ASP,0,receptor
A,109,THR,0,receptor
A,110,LEU,0,receptor
A,111,SER,0,receptor
A,112,THR,0,receptor
A,113,THR,0,receptor
A,114,GLN,0,receptor
A,115,LYS,0,receptor
A,116,LYS,0,receptor
A,117,SER,0,receptor
A,118,LEU,0,receptor
A,119,ASN,0,receptor
A,120,HIS,0,receptor
A,121,ARG,0,receptor
A,122,TYR,0,receptor
A,123,GLN,0,receptor
A,124,MET,0,receptor
A,125,GLY,0,receptor
A,126,CYS,0,receptor
A,127,GLU,0,receptor
A,128,CYS,0,receptor
A,129,LYS,0,receptor
A,130,ILE,0,receptor
A,131,THR,0,receptor
A,132,ARG,1,receptor
A,133,CYS,0,receptor
A,134,PRO,0,receptor
A,135,MET,0,receptor
A,136,ILE,0,receptor
A,137,PRO,0,receptor
A,138,CYS,0,receptor
A,139,TYR,0,receptor
A,140,ILE,0,receptor
A,141,SER,0,receptor
A,142,SER,0,receptor
A,143,PRO,0,receptor
A,144,ASP,0,receptor
A,145,GLU,0,receptor
A,146,CYS,0,receptor
A,147,LEU,0,receptor
A,148,TRP,0,receptor
A,149,MET,0,receptor
A,150,ASP,0,receptor
A,151,TRP,1,receptor
A,152,VAL,0,receptor
A,153,THR,0,receptor
A,154,GLU,0,receptor
A,155,LYS,0,receptor
A,156,ASN,0,receptor
A,157,ILE,0,receptor
A,158,ASN,0,receptor
A,159,GLY,0,receptor
A,160,HIS,0,receptor
A,161,GLN,0,receptor
A,162,ALA,0,receptor
A,163,LYS,0,receptor
A,164,PHE,0,receptor
A,165,PHE,0,receptor
A,166,ALA,0,receptor
A,167,CYS,0,receptor
A,168,ILE,0,receptor
A,169,LYS,0,receptor
A,170,ARG,0,receptor
A,171,SER,0,receptor
A,172,ASP,0,receptor
A,173,GLY,0,receptor
A,174,SER,0,receptor
A,175,CYS,0,receptor
A,176,ALA,0,receptor
A,177,TRP,0,receptor
A,178,TYR,0,receptor
A,179,ARG,0,receptor
A,180,GLY,0,receptor
A,181,ALA,0,receptor
A,182,ALA,0,receptor
D,105,MET,0,ligand
D,106,PRO,0,ligand
D,107,LYS,0,ligand
D,108,TRP,0,ligand
D,109,ARG,0,ligand
D,110,LYS,0,ligand
D,111,THR,0,ligand
D,112,HIS,0,ligand
D,113,LEU,0,ligand
D,114,THR,0,ligand
D,115,TYR,0,ligand
D,116,ARG,0,ligand
D,117,ILE,0,ligand
D,118,VAL,0,ligand
D,119,ASN,0,ligand
D,120,TYR,0,ligand
D,121,THR,0,ligand
D,122,PRO,0,ligand
D,123,ASP,0,ligand
D,124,LEU,0,ligand
D,125,PRO,0,ligand
D,126,ARG,0,ligand
D,127,ASP,0,ligand
D,128,ALA,0,ligand
D,129,VAL,0,ligand
D,130,ASP,0,ligand
D,131,SER,0,ligand
D,132,ALA,0,ligand
D,133,ILE,0,ligand
D,134,GLU,0,ligand
D,135,LYS,0,ligand
D,136,ALA,0,ligand
D,137,LEU,0,ligand
D,138,LYS,0,ligand
D,139,VAL,0,ligand
D,140,TRP,0,ligand
D,141,GLU,0,ligand
D,142,GLU,0,ligand
D,143,VAL,0,ligand
D,144,THR,0,ligand
D,145,PRO,0,ligand
D,146,LEU,0,ligand
D,147,THR,0,ligand
D,148,PHE,0,ligand
D,149,SER,0,ligand
D,150,ARG,0,ligand
D,151,LEU,0,ligand
D,152,TYR,0,ligand
D,153,GLU,0,ligand
D,154,GLY,0,ligand
D,155,GLU,1,ligand
D,156,ALA,0,ligand
D,157,ASP,0,ligand
D,158,ILE,0,ligand
D,159,MET,0,ligand
D,160,ILE,0,ligand
D,161,SER,0,ligand
D,162,PHE,0,ligand
D,163,ALA,0,ligand
D,164,VAL,0,ligand
D,165,LYS,0,ligand
D,166,GLU,0,ligand
D,167,HIS,0,ligand
D,168,GLY,0,ligand
D,169,ASP,1,ligand
D,170,PHE,1,ligand
D,171,TYR,1,ligand
D,172,SER,1,ligand
D,173,PHE,0,ligand
D,174,ASP,1,ligand
D,175,GLY,0,ligand
D,176,PRO,1,ligand
D,177,GLY,1,ligand
D,178,HIS,1,ligand
D,179,SER,1,ligand
D,180,LEU,1,ligand
D,181,ALA,1,ligand
D,182,HIS,1,ligand
D,183,ALA,1,ligand
D,184,TYR,1,ligand
D,185,PRO,1,ligand
D,186,PRO,0,ligand
D,187,GLY,0,ligand
D,188,PRO,1,ligand
D,189,GLY,1,ligand
D,190,LEU,1,ligand
D,191,TYR,1,ligand
D,192,GLY,0,ligand
D,193,ASP,0,ligand
D,194,ILE,0,ligand
D,195,HIS,0,ligand
D,196,PHE,0,ligand
D,197,ASP,0,ligand
D,198,ASP,0,ligand
D,199,ASP,0,ligand
D,200,GLU,0,ligand
D,201,LYS,0,ligand
D,202,TRP,0,ligand
D,203,THR,0,ligand
D,204,GLU,0,ligand
D,205,ASP,0,ligand
D,206,ALA,0,ligand
D,207,SER,0,ligand
D,208,GLY,0,ligand
D,209,THR,0,ligand
D,210,ASN,0,ligand
D,211,LEU,0,ligand
D,212,PHE,0,ligand
D,213,LEU,0,ligand
D,214,VAL,1,ligand
D,215,ALA,0,ligand
D,216,ALA,0,ligand
D,217,HIS,1,ligand
D,218,GLU,1,ligand
D,219,LEU,0,ligand
D,220,GLY,0,ligand
D,221,HIS,1,ligand
D,222,SER,0,ligand
D,223,LEU,0,ligand
D,224,GLY,0,ligand
D,225,LEU,0,ligand
D,226,PHE,1,ligand
D,227,HIS,1,ligand
D,228,SER,0,ligand
D,229,ALA,0,ligand
D,230,ASN,0,ligand
D,231,THR,0,ligand
D,232,GLU,0,ligand
D,233,ALA,0,ligand
D,234,LEU,0,ligand
D,235,MET,0,ligand
D,236,TYR,0,ligand
D,237,PRO,1,ligand
D,238,LEU,1,ligand
D,239,TYR,1,ligand
D,240,ASN,0,ligand
D,241,SER,0,ligand
D,242,PHE,1,ligand
D,243,THR,0,ligand
D,244,GLU,0,ligand
D,245,LEU,0,ligand
D,246,ALA,0,ligand
D,247,GLN,0,ligand
D,248,PHE,0,ligand
D,249,ARG,0,ligand
D,250,LEU,0,ligand
D,251,SER,0,ligand
D,252,GLN,0,ligand
D,253,ASP,0,ligand
D,254,ASP,0,ligand
D,255,VAL,0,ligand
D,256,ASN,0,ligand
D,257,GLY,0,ligand
D,258,ILE,0,ligand
D,259,GLN,0,ligand
D,260,SER,0,ligand
D,261,LEU,0,ligand
D,262,TYR,0,ligand
D,263,GLY,0,ligand
