PDB_ID,Chain,Res_Name,Res_ID,Label,Node_Degree_10A,Sec_Struct,Is_Helix,Is_Sheet,Is_Coil,RSA,Coord_X,Coord_Y,Coord_Z
5nt1_complex,J,ALA,86,0,6,-,0.0,0.0,1.0,0.9906,38.35,86.24,12.2
5nt1_complex,J,SER,87,1,10,E,0.0,1.0,0.0,0.6769,38.82,85.57,15.93
5nt1_complex,J,ARG,88,1,14,E,0.0,1.0,0.0,0.4355,35.92,85.2,18.35
5nt1_complex,J,TYR,89,1,14,E,0.0,1.0,0.0,0.5,35.29,84.48,22.04
5nt1_complex,J,LEU,90,0,16,E,0.0,1.0,0.0,0.1402,32.28,82.28,22.86
5nt1_complex,J,THR,91,1,16,E,0.0,1.0,0.0,0.6056,30.58,82.66,26.26
5nt1_complex,J,ASP,92,0,20,-,0.0,0.0,1.0,0.2331,28.07,79.94,27.05
5nt1_complex,J,MET,93,1,16,S,0.0,0.0,1.0,0.0319,28.36,80.84,30.73
5nt1_complex,J,THR,94,1,10,-,0.0,0.0,1.0,0.507,27.55,84.09,32.49
5nt1_complex,J,LEU,95,1,9,H,1.0,0.0,0.0,0.9756,29.99,86.04,34.61
5nt1_complex,J,GLU,96,0,8,H,1.0,0.0,0.0,0.5052,28.29,84.53,37.67
5nt1_complex,J,GLU,97,0,15,H,1.0,0.0,0.0,0.1134,28.33,80.93,36.41
5nt1_complex,J,MET,98,1,16,H,1.0,0.0,0.0,0.2553,32.05,81.37,35.67
5nt1_complex,J,SER,99,1,9,H,1.0,0.0,0.0,0.7615,32.82,82.53,39.22
5nt1_complex,J,ARG,100,0,10,-,0.0,0.0,1.0,0.2984,30.19,80.46,41.05
5nt1_complex,J,GLU,101,1,8,-,0.0,0.0,1.0,0.8918,31.5,77.83,43.43
5nt1_complex,J,TRP,102,0,12,-,0.0,0.0,1.0,0.2159,30.38,74.24,43.67
5nt1_complex,J,SER,103,0,11,-,0.0,0.0,1.0,0.7923,31.25,71.13,45.68
5nt1_complex,J,MET,104,0,16,-,0.0,0.0,1.0,0.1755,30.9,67.48,44.75
5nt1_complex,J,LEU,105,0,12,S,0.0,0.0,1.0,0.8598,29.0,65.44,47.31
5nt1_complex,J,ILE,106,0,11,S,0.0,0.0,1.0,0.4734,30.8,62.38,45.93
5nt1_complex,J,PRO,107,0,13,E,0.0,1.0,0.0,0.6471,33.97,63.71,44.24
5nt1_complex,J,LYS,108,0,14,E,0.0,1.0,0.0,0.3902,35.27,62.03,41.09
5nt1_complex,J,GLN,109,0,16,E,0.0,1.0,0.0,0.5505,38.35,63.62,39.54
5nt1_complex,J,LYS,110,0,14,E,0.0,1.0,0.0,0.5268,40.79,62.81,36.76
5nt1_complex,J,VAL,111,0,14,E,0.0,1.0,0.0,0.5775,43.74,64.51,35.04
5nt1_complex,J,ALA,112,0,16,E,0.0,1.0,0.0,0.2642,43.33,63.93,31.3
5nt1_complex,J,GLY,113,0,13,T,0.0,0.0,1.0,0.631,46.6,65.33,30.01
5nt1_complex,J,PRO,114,0,18,T,0.0,0.0,1.0,0.1544,46.4,69.14,30.0
5nt1_complex,J,LEU,115,0,22,E,0.0,1.0,0.0,0.0,42.78,69.2,31.25
5nt1_complex,J,CYS,116,0,16,E,0.0,1.0,0.0,0.0667,41.19,68.42,34.63
5nt1_complex,J,ILE,117,0,22,E,0.0,1.0,0.0,0.0473,37.84,66.56,34.69
5nt1_complex,J,ARG,118,1,20,E,0.0,1.0,0.0,0.3226,35.61,66.68,37.78
5nt1_complex,J,MET,119,0,25,E,0.0,1.0,0.0,0.0426,32.08,65.43,38.4
5nt1_complex,J,ASP,120,0,20,E,0.0,1.0,0.0,0.0736,29.69,64.57,41.23
5nt1_complex,J,GLN,121,0,18,T,0.0,0.0,1.0,0.3586,29.0,60.83,41.35
5nt1_complex,J,ALA,122,0,13,T,0.0,0.0,1.0,0.3302,25.83,61.44,43.4
5nt1_complex,J,ILE,123,0,20,-,0.0,0.0,1.0,0.2189,23.94,63.14,40.55
5nt1_complex,J,MET,124,0,15,-,0.0,0.0,1.0,0.484,21.55,60.74,38.88
5nt1_complex,J,ASP,125,0,12,S,0.0,0.0,1.0,0.681,18.49,60.74,36.62
5nt1_complex,J,LYS,126,0,17,-,0.0,0.0,1.0,0.3951,18.94,64.34,35.45
5nt1_complex,J,ASN,127,0,15,E,0.0,1.0,0.0,0.3567,19.23,66.26,32.19
5nt1_complex,J,ILE,128,0,27,E,0.0,1.0,0.0,0.0,22.71,67.79,31.97
5nt1_complex,J,ILE,129,0,21,E,0.0,1.0,0.0,0.2485,23.91,70.48,29.55
5nt1_complex,J,LEU,130,0,25,E,0.0,1.0,0.0,0.0,27.61,71.18,28.93
5nt1_complex,J,LYS,131,0,22,E,0.0,1.0,0.0,0.3024,28.35,74.91,28.59
5nt1_complex,J,ALA,132,0,24,E,0.0,1.0,0.0,0.0,31.78,76.27,27.7
5nt1_complex,J,ASN,133,1,19,E,0.0,1.0,0.0,0.051,33.65,79.58,27.4
5nt1_complex,J,PHE,134,0,20,E,0.0,1.0,0.0,0.0,36.35,79.31,24.75
5nt1_complex,J,SER,135,0,18,E,0.0,1.0,0.0,0.1231,38.1,81.24,22.0
5nt1_complex,J,VAL,136,0,17,E,0.0,1.0,0.0,0.0141,37.83,80.4,18.32
5nt1_complex,J,ILE,137,0,13,E,0.0,1.0,0.0,0.284,40.31,80.98,15.46
5nt1_complex,J,PHE,138,0,10,T,0.0,0.0,1.0,0.8173,39.65,80.2,11.77
5nt1_complex,J,ASP,139,0,14,T,0.0,0.0,1.0,0.6258,36.23,78.81,12.81
5nt1_complex,J,ARG,140,0,17,E,0.0,1.0,0.0,0.4758,37.79,76.14,15.06
5nt1_complex,J,LEU,141,0,23,E,0.0,1.0,0.0,0.0732,38.16,75.88,18.81
5nt1_complex,J,GLU,142,0,19,E,0.0,1.0,0.0,0.4072,41.45,77.45,19.86
5nt1_complex,J,THR,143,0,19,E,0.0,1.0,0.0,0.4225,41.58,77.64,23.65
5nt1_complex,J,LEU,144,0,24,E,0.0,1.0,0.0,0.0122,39.16,76.35,26.25
5nt1_complex,J,ILE,145,1,16,E,0.0,1.0,0.0,0.3846,38.81,78.57,29.32
5nt1_complex,J,LEU,146,1,18,E,0.0,1.0,0.0,0.0976,36.17,76.69,31.32
5nt1_complex,J,LEU,147,0,23,E,0.0,1.0,0.0,0.0,33.51,74.04,30.66
5nt1_complex,J,ARG,148,1,24,E,0.0,1.0,0.0,0.0887,30.84,73.2,33.23
5nt1_complex,J,ALA,149,0,25,E,0.0,1.0,0.0,0.0,27.94,70.76,33.5
5nt1_complex,J,PHE,150,0,20,E,0.0,1.0,0.0,0.0102,24.51,72.12,34.47
5nt1_complex,J,THR,151,0,18,E,0.0,1.0,0.0,0.0634,21.28,70.46,35.51
5nt1_complex,J,GLU,152,0,10,T,0.0,0.0,1.0,0.7216,17.93,71.84,34.37
5nt1_complex,J,GLU,153,0,9,T,0.0,0.0,1.0,0.6804,17.83,73.58,37.78
5nt1_complex,J,GLY,154,0,11,-,0.0,0.0,1.0,0.3095,21.09,75.39,36.94
5nt1_complex,J,ALA,155,0,14,-,0.0,0.0,1.0,0.4528,23.37,73.57,39.41
5nt1_complex,J,ILE,156,0,22,E,0.0,1.0,0.0,0.0828,26.95,72.68,38.53
5nt1_complex,J,VAL,157,0,24,E,0.0,1.0,0.0,0.0282,27.64,68.93,38.63
5nt1_complex,J,GLY,158,0,29,E,0.0,1.0,0.0,0.0,30.81,68.64,36.55
5nt1_complex,J,GLU,159,1,22,E,0.0,1.0,0.0,0.0825,33.65,70.6,35.08
5nt1_complex,J,ILE,160,0,25,E,0.0,1.0,0.0,0.0,36.45,70.48,32.49
5nt1_complex,J,SER,161,1,20,E,0.0,1.0,0.0,0.1769,39.2,73.03,33.13
5nt1_complex,J,PRO,162,0,22,E,0.0,1.0,0.0,0.2279,42.81,73.43,32.01
5nt1_complex,J,LEU,163,0,16,-,0.0,0.0,1.0,0.25,45.47,72.86,34.59
5nt1_complex,J,PRO,164,1,10,S,0.0,0.0,1.0,0.9338,47.21,76.08,35.69
5nt1_complex,J,SER,165,0,7,S,0.0,0.0,1.0,0.6154,50.6,74.5,34.93
5nt1_complex,J,LEU,166,0,9,S,0.0,0.0,1.0,0.9634,51.33,74.16,31.17
5nt1_complex,J,PRO,167,0,15,-,0.0,0.0,1.0,0.4853,47.72,74.67,30.02
5nt1_complex,J,GLY,168,0,14,-,0.0,0.0,1.0,0.7738,48.69,73.7,26.47
5nt1_complex,J,HIS,169,0,16,-,0.0,0.0,1.0,0.125,45.73,71.81,24.95
5nt1_complex,J,THR,170,0,15,-,0.0,0.0,1.0,0.5282,44.06,71.23,21.58
5nt1_complex,J,ALA,171,0,16,H,1.0,0.0,0.0,0.2547,40.52,70.73,20.31
5nt1_complex,J,GLU,172,0,12,H,1.0,0.0,0.0,0.5412,41.2,66.98,20.31
5nt1_complex,J,ASP,173,0,15,H,1.0,0.0,0.0,0.3252,42.08,67.14,24.01
5nt1_complex,J,VAL,174,0,23,H,1.0,0.0,0.0,0.0,38.78,68.92,24.69
5nt1_complex,J,LYS,175,0,13,H,1.0,0.0,0.0,0.2195,36.81,66.47,22.54
5nt1_complex,J,ASN,176,0,12,H,1.0,0.0,0.0,0.6242,38.23,63.45,24.37
5nt1_complex,J,ALA,177,0,21,H,1.0,0.0,0.0,0.0189,37.76,65.13,27.75
5nt1_complex,J,VAL,178,0,19,H,1.0,0.0,0.0,0.007,34.12,65.85,26.86
5nt1_complex,J,GLY,179,0,11,H,1.0,0.0,0.0,0.5119,33.57,62.2,25.98
5nt1_complex,J,VAL,180,0,15,H,1.0,0.0,0.0,0.4789,35.1,61.07,29.26
5nt1_complex,J,LEU,181,0,21,H,1.0,0.0,0.0,0.0061,32.87,63.43,31.27
5nt1_complex,J,ILE,182,0,22,H,1.0,0.0,0.0,0.1893,29.78,62.4,29.3
5nt1_complex,J,GLY,183,0,14,H,1.0,0.0,0.0,0.4405,30.33,58.69,29.95
5nt1_complex,J,GLY,184,0,19,H,1.0,0.0,0.0,0.131,31.04,59.36,33.61
5nt1_complex,J,LEU,185,0,25,H,1.0,0.0,0.0,0.0,27.74,61.22,33.97
5nt1_complex,J,GLU,186,0,17,H,1.0,0.0,0.0,0.5155,25.87,58.66,31.87
5nt1_complex,J,TRP,187,0,13,T,0.0,0.0,1.0,0.9295,26.88,55.94,34.34
5nt1_complex,J,ASN,188,0,14,T,0.0,0.0,1.0,0.2102,24.21,57.22,36.75
5nt1_complex,J,ASP,189,0,14,T,0.0,0.0,1.0,0.7239,21.56,57.39,33.99
5nt1_complex,J,ASN,190,0,18,-,0.0,0.0,1.0,0.0382,21.98,61.1,33.39
5nt1_complex,J,THR,191,0,17,E,0.0,1.0,0.0,0.5,21.21,62.46,29.95
5nt1_complex,J,VAL,192,0,18,E,0.0,1.0,0.0,0.1408,23.99,64.75,28.74
5nt1_complex,J,ARG,193,0,14,E,0.0,1.0,0.0,0.4435,23.84,67.16,25.8
5nt1_complex,J,VAL,194,0,15,E,0.0,1.0,0.0,0.1761,26.44,69.63,24.55
5nt1_complex,J,SER,195,0,12,-,0.0,0.0,1.0,0.0923,25.8,73.32,23.86
5nt1_complex,J,GLU,196,0,12,H,1.0,0.0,0.0,0.5155,25.38,74.22,20.22
5nt1_complex,J,THR,197,0,17,H,1.0,0.0,0.0,0.1549,28.5,76.41,20.36
5nt1_complex,J,LEU,198,0,22,H,1.0,0.0,0.0,0.0,30.58,73.44,21.42
5nt1_complex,J,GLN,199,0,11,H,1.0,0.0,0.0,0.5707,29.03,71.39,18.6
5nt1_complex,J,ARG,200,0,12,H,1.0,0.0,0.0,0.5363,29.75,73.9,15.83
5nt1_complex,J,PHE,201,0,19,H,1.0,0.0,0.0,0.0508,33.35,74.69,16.8
5nt1_complex,J,ALA,202,0,18,H,1.0,0.0,0.0,0.0472,34.81,71.59,18.43
5nt1_complex,J,TRP,203,0,12,-,0.0,0.0,1.0,0.4449,33.19,69.09,16.01
5nt1_complex,J,ARG,204,0,7,-,0.0,0.0,1.0,0.9798,32.92,69.43,12.25
