chain_id,residue_index,residue_name,interface_label,chain_type
L,12,CYS,0,receptor
L,17,ASP,0,receptor
L,18,ASN,0,receptor
L,19,PHE,1,receptor
L,20,PRO,1,receptor
L,21,GLN,0,receptor
L,22,MET,0,receptor
L,23,LEU,1,receptor
L,24,ARG,1,receptor
L,25,ASP,0,receptor
L,26,LEU,0,receptor
L,27,ARG,1,receptor
L,28,ASP,1,receptor
L,29,ALA,0,receptor
L,30,PHE,0,receptor
L,31,SER,0,receptor
L,32,ARG,0,receptor
L,33,VAL,0,receptor
L,34,LYS,1,receptor
L,35,THR,1,receptor
L,36,PHE,0,receptor
L,37,PHE,0,receptor
L,38,GLN,1,receptor
L,39,THR,1,receptor
L,40,LYS,0,receptor
L,41,ASP,1,receptor
L,42,GLU,0,receptor
L,43,VAL,0,receptor
L,44,ASP,1,receptor
L,45,ASN,1,receptor
L,46,LEU,1,receptor
L,47,LEU,0,receptor
L,48,LEU,0,receptor
L,49,LYS,0,receptor
L,50,GLU,0,receptor
L,51,SER,0,receptor
L,52,LEU,0,receptor
L,53,LEU,0,receptor
L,54,GLU,0,receptor
L,55,ASP,0,receptor
L,56,PHE,0,receptor
L,57,LYS,0,receptor
L,58,GLY,0,receptor
L,59,TYR,0,receptor
L,60,LEU,0,receptor
L,61,GLY,0,receptor
L,62,CYS,0,receptor
L,63,GLN,0,receptor
L,64,ALA,0,receptor
L,65,LEU,0,receptor
L,66,SER,0,receptor
L,67,GLU,0,receptor
L,68,MET,0,receptor
L,69,ILE,0,receptor
L,70,GLN,0,receptor
L,71,PHE,0,receptor
L,72,TYR,0,receptor
L,73,LEU,0,receptor
L,74,GLU,0,receptor
L,75,GLU,0,receptor
L,76,VAL,0,receptor
L,77,MET,0,receptor
L,78,PRO,0,receptor
L,79,GLN,0,receptor
L,80,ALA,0,receptor
L,81,GLU,0,receptor
L,82,ASN,0,receptor
L,83,GLN,0,receptor
L,84,ASP,0,receptor
L,85,PRO,0,receptor
L,86,GLU,0,receptor
L,87,ALA,0,receptor
L,88,LYS,0,receptor
L,89,ASP,0,receptor
L,90,HIS,0,receptor
L,91,VAL,0,receptor
L,92,ASN,0,receptor
L,93,SER,0,receptor
L,94,LEU,0,receptor
L,95,GLY,0,receptor
L,96,GLU,0,receptor
L,97,ASN,0,receptor
L,98,LEU,0,receptor
L,99,LYS,0,receptor
L,100,THR,0,receptor
L,101,LEU,0,receptor
L,102,ARG,0,receptor
L,103,LEU,0,receptor
L,104,ARG,0,receptor
L,105,LEU,0,receptor
L,106,ARG,0,receptor
L,107,ARG,0,receptor
L,108,CYS,0,receptor
L,109,HIS,0,receptor
L,110,ARG,0,receptor
L,111,PHE,0,receptor
L,112,LEU,0,receptor
L,113,PRO,0,receptor
L,114,CYS,0,receptor
L,115,GLU,0,receptor
L,116,ASN,0,receptor
L,117,LYS,0,receptor
L,118,SER,0,receptor
L,119,LYS,0,receptor
L,120,ALA,0,receptor
L,121,VAL,0,receptor
L,122,GLU,0,receptor
L,123,GLN,0,receptor
L,124,ILE,0,receptor
L,125,LYS,0,receptor
L,126,ASN,0,receptor
L,127,ALA,0,receptor
L,128,PHE,0,receptor
L,129,ASN,0,receptor
L,130,LYS,0,receptor
L,131,LEU,0,receptor
L,132,GLN,0,receptor
L,133,GLU,0,receptor
L,134,LYS,0,receptor
L,135,GLY,0,receptor
L,136,ILE,0,receptor
L,137,TYR,0,receptor
L,138,LYS,0,receptor
L,139,ALA,0,receptor
L,140,MET,0,receptor
L,141,SER,0,receptor
L,142,GLU,0,receptor
L,143,PHE,0,receptor
L,144,ASP,0,receptor
L,145,ILE,0,receptor
L,146,PHE,0,receptor
L,147,ILE,0,receptor
L,148,ASN,0,receptor
L,149,TYR,0,receptor
L,150,ILE,0,receptor
L,151,GLU,0,receptor
L,152,ALA,0,receptor
L,153,TYR,0,receptor
L,154,MET,0,receptor
L,155,THR,0,receptor
L,156,ILE,0,receptor
L,157,LYS,0,receptor
R,3,THR,0,ligand
R,4,GLU,0,ligand
R,5,LEU,0,ligand
R,6,PRO,0,ligand
R,7,SER,0,ligand
R,8,PRO,0,ligand
R,9,PRO,0,ligand
R,10,SER,0,ligand
R,11,VAL,0,ligand
R,12,TRP,0,ligand
R,13,PHE,0,ligand
R,14,GLU,0,ligand
R,15,ALA,0,ligand
R,16,GLU,0,ligand
R,17,PHE,0,ligand
R,18,PHE,0,ligand
R,19,HIS,0,ligand
R,20,HIS,0,ligand
R,21,ILE,0,ligand
R,22,LEU,0,ligand
R,23,HIS,0,ligand
R,24,TRP,0,ligand
R,25,THR,0,ligand
R,26,PRO,0,ligand
R,27,ILE,0,ligand
R,28,PRO,0,ligand
R,29,GLN,0,ligand
R,30,GLN,0,ligand
R,31,SER,0,ligand
R,32,GLU,0,ligand
R,33,SER,0,ligand
R,34,THR,0,ligand
R,35,CYS,0,ligand
R,36,TYR,0,ligand
R,37,GLU,0,ligand
R,38,VAL,0,ligand
R,39,ALA,0,ligand
R,40,LEU,0,ligand
R,41,LEU,0,ligand
R,42,ARG,0,ligand
R,43,TYR,1,ligand
R,44,GLY,1,ligand
R,45,ILE,1,ligand
R,46,GLU,1,ligand
R,47,SER,0,ligand
R,48,TRP,0,ligand
R,49,ASN,0,ligand
R,50,SER,0,ligand
R,51,ILE,0,ligand
R,52,SER,0,ligand
R,53,GLN,0,ligand
R,54,CYS,0,ligand
R,55,SER,0,ligand
R,56,GLN,0,ligand
R,57,THR,0,ligand
R,58,LEU,0,ligand
R,59,SER,0,ligand
R,60,TYR,0,ligand
R,61,ASP,0,ligand
R,62,LEU,0,ligand
R,63,THR,0,ligand
R,64,ALA,0,ligand
R,65,VAL,0,ligand
R,66,THR,0,ligand
R,67,LEU,0,ligand
R,68,ASP,0,ligand
R,69,LEU,0,ligand
R,70,TYR,0,ligand
R,71,HIS,0,ligand
R,72,SER,0,ligand
R,73,ASN,1,ligand
R,74,GLY,0,ligand
R,75,TYR,0,ligand
R,76,ARG,1,ligand
R,77,ALA,0,ligand
R,78,ARG,0,ligand
R,79,VAL,0,ligand
R,80,ARG,0,ligand
R,81,ALA,0,ligand
R,82,VAL,0,ligand
R,83,ASP,0,ligand
R,84,GLY,0,ligand
R,85,SER,0,ligand
R,86,ARG,0,ligand
R,87,HIS,0,ligand
R,88,SER,0,ligand
R,89,GLN,0,ligand
R,90,TRP,0,ligand
R,91,THR,0,ligand
R,92,VAL,0,ligand
R,93,THR,0,ligand
R,94,ASN,1,ligand
R,95,THR,1,ligand
R,96,ARG,1,ligand
R,97,PHE,0,ligand
R,98,SER,0,ligand
R,99,VAL,0,ligand
R,100,ASP,1,ligand
R,101,GLU,1,ligand
R,102,VAL,0,ligand
R,103,THR,0,ligand
R,104,LEU,0,ligand
R,105,THR,0,ligand
R,106,VAL,0,ligand
R,107,GLY,0,ligand
R,108,SER,0,ligand
R,109,VAL,0,ligand
R,110,ASN,0,ligand
R,111,LEU,0,ligand
R,112,GLU,0,ligand
R,113,ILE,0,ligand
R,114,HIS,0,ligand
R,115,ASN,0,ligand
R,116,GLY,0,ligand
R,117,PHE,0,ligand
R,118,ILE,0,ligand
R,119,LEU,0,ligand
R,120,GLY,0,ligand
R,121,LYS,0,ligand
R,122,ILE,0,ligand
R,123,GLN,0,ligand
R,124,LEU,0,ligand
R,125,PRO,0,ligand
R,126,ARG,0,ligand
R,127,PRO,0,ligand
R,128,LYS,0,ligand
R,129,MET,0,ligand
R,130,ALA,0,ligand
R,131,PRO,0,ligand
R,132,ALA,0,ligand
R,133,GLN,0,ligand
R,134,ASP,0,ligand
R,135,THR,0,ligand
R,136,TYR,0,ligand
R,137,GLU,0,ligand
R,138,SER,0,ligand
R,139,ILE,0,ligand
R,140,PHE,0,ligand
R,141,SER,0,ligand
R,142,HIS,0,ligand
R,143,PHE,1,ligand
R,144,ARG,0,ligand
R,145,GLU,0,ligand
R,146,TYR,0,ligand
R,147,GLU,0,ligand
R,148,ILE,0,ligand
R,149,ALA,0,ligand
R,150,ILE,0,ligand
R,151,ARG,0,ligand
R,152,LYS,0,ligand
R,153,VAL,0,ligand
R,154,PRO,0,ligand
R,155,GLY,0,ligand
R,156,GLN,0,ligand
R,157,PHE,0,ligand
R,158,THR,0,ligand
R,159,PHE,0,ligand
R,160,THR,0,ligand
R,161,HIS,0,ligand
R,162,LYS,0,ligand
R,163,LYS,0,ligand
R,164,VAL,0,ligand
R,165,LYS,0,ligand
R,166,HIS,0,ligand
R,167,GLU,0,ligand
R,168,GLN,0,ligand
R,169,PHE,0,ligand
R,170,SER,0,ligand
R,171,LEU,0,ligand
R,172,LEU,0,ligand
R,173,THR,0,ligand
R,174,SER,0,ligand
R,175,GLY,0,ligand
R,176,GLU,0,ligand
R,177,VAL,0,ligand
R,178,GLY,0,ligand
R,179,GLU,0,ligand
R,180,PHE,0,ligand
R,181,CYS,0,ligand
R,182,VAL,0,ligand
R,183,GLN,0,ligand
R,184,VAL,0,ligand
R,185,LYS,0,ligand
R,186,PRO,0,ligand
R,187,SER,0,ligand
R,188,VAL,0,ligand
R,189,ALA,1,ligand
R,190,SER,1,ligand
R,191,ARG,1,ligand
R,192,SER,1,ligand
R,193,ASN,0,ligand
R,194,LYS,0,ligand
R,195,GLY,0,ligand
R,196,MET,0,ligand
R,197,TRP,0,ligand
R,198,SER,0,ligand
R,199,LYS,0,ligand
R,200,GLU,0,ligand
R,201,GLU,0,ligand
R,202,CYS,0,ligand
R,203,ILE,0,ligand
R,204,SER,0,ligand
R,205,LEU,0,ligand
R,206,THR,0,ligand
