chain_id,residue_index,residue_name,interface_label,chain_type
H,1,GLU,0,receptor
H,2,VAL,0,receptor
H,3,GLN,0,receptor
H,4,LEU,0,receptor
H,5,GLN,0,receptor
H,6,GLU,0,receptor
H,7,SER,0,receptor
H,8,GLY,0,receptor
H,9,GLY,0,receptor
H,10,GLY,0,receptor
H,11,LEU,0,receptor
H,12,VAL,0,receptor
H,13,LYS,0,receptor
H,14,PRO,0,receptor
H,15,GLY,0,receptor
H,16,GLY,0,receptor
H,17,SER,0,receptor
H,18,LEU,0,receptor
H,19,ARG,0,receptor
H,20,LEU,0,receptor
H,21,SER,0,receptor
H,22,CYS,0,receptor
H,23,ALA,0,receptor
H,24,ALA,0,receptor
H,25,SER,0,receptor
H,26,GLY,0,receptor
H,27,PHE,0,receptor
H,28,THR,0,receptor
H,29,PHE,0,receptor
H,30,SER,0,receptor
H,31,SER,1,receptor
H,32,TYR,1,receptor
H,33,SER,1,receptor
H,34,MET,0,receptor
H,35,ASN,0,receptor
H,36,TRP,0,receptor
H,37,VAL,0,receptor
H,38,ARG,0,receptor
H,39,GLN,0,receptor
H,40,ALA,0,receptor
H,41,PRO,0,receptor
H,42,GLY,0,receptor
H,43,LYS,0,receptor
H,44,GLY,0,receptor
H,45,LEU,0,receptor
H,46,GLU,0,receptor
H,47,TRP,0,receptor
H,48,VAL,0,receptor
H,49,SER,0,receptor
H,50,SER,0,receptor
H,51,ILE,0,receptor
H,52,THR,1,receptor
H,52,SER,1,receptor
H,53,SER,1,receptor
H,54,SER,0,receptor
H,55,SER,1,receptor
H,56,TYR,1,receptor
H,57,ILE,0,receptor
H,58,TYR,0,receptor
H,59,TYR,0,receptor
H,60,ALA,0,receptor
H,61,ASP,0,receptor
H,62,SER,0,receptor
H,63,VAL,0,receptor
H,64,LYS,0,receptor
H,65,GLY,0,receptor
H,66,ARG,0,receptor
H,67,PHE,0,receptor
H,68,THR,0,receptor
H,69,ILE,0,receptor
H,70,SER,0,receptor
H,71,ARG,0,receptor
H,72,ASP,0,receptor
H,73,ASN,0,receptor
H,74,ALA,0,receptor
H,75,LYS,0,receptor
H,76,ASN,0,receptor
H,77,SER,0,receptor
H,78,LEU,0,receptor
H,79,TYR,0,receptor
H,80,LEU,0,receptor
H,81,GLN,0,receptor
H,82,MET,0,receptor
H,82,ASN,0,receptor
H,82,SER,0,receptor
H,82,LEU,0,receptor
H,83,ARG,0,receptor
H,84,ALA,0,receptor
H,85,GLU,0,receptor
H,86,ASP,0,receptor
H,87,THR,0,receptor
H,88,ALA,0,receptor
H,89,VAL,0,receptor
H,90,TYR,0,receptor
H,91,TYR,0,receptor
H,92,CYS,0,receptor
H,93,ALA,0,receptor
H,94,ARG,0,receptor
H,95,ASP,0,receptor
H,96,PRO,0,receptor
H,97,GLY,0,receptor
H,98,ILE,1,receptor
H,99,ALA,1,receptor
H,100,ALA,1,receptor
H,100,ALA,1,receptor
H,100,ASP,1,receptor
H,100,ASN,1,receptor
H,100,HIS,0,receptor
H,100,TRP,0,receptor
H,100,PHE,0,receptor
H,101,ASP,0,receptor
H,102,PRO,0,receptor
H,103,TRP,0,receptor
H,104,GLY,0,receptor
H,105,GLN,0,receptor
H,106,GLY,0,receptor
H,107,THR,0,receptor
H,108,LEU,0,receptor
H,109,VAL,0,receptor
H,110,THR,0,receptor
H,111,VAL,0,receptor
H,112,SER,0,receptor
H,113,SER,0,receptor
H,114,ALA,0,receptor
H,115,SER,0,receptor
H,116,THR,0,receptor
H,117,LYS,0,receptor
H,118,GLY,0,receptor
H,119,PRO,0,receptor
H,120,SER,0,receptor
H,121,VAL,0,receptor
H,122,PHE,0,receptor
H,123,PRO,0,receptor
H,124,LEU,0,receptor
H,125,ALA,0,receptor
H,126,PRO,0,receptor
H,127,SER,0,receptor
H,128,SER,0,receptor
H,129,SER,0,receptor
H,130,SER,0,receptor
H,131,LYS,0,receptor
H,132,SER,0,receptor
H,133,GLY,0,receptor
H,134,GLY,0,receptor
H,135,THR,0,receptor
H,136,ALA,0,receptor
H,137,ALA,0,receptor
H,138,LEU,0,receptor
H,139,GLY,0,receptor
H,140,CYS,0,receptor
H,141,LEU,0,receptor
H,142,VAL,0,receptor
H,143,LYS,0,receptor
H,144,ASP,0,receptor
H,145,TYR,0,receptor
H,146,PHE,0,receptor
H,147,PRO,0,receptor
H,148,GLU,0,receptor
H,149,PRO,0,receptor
H,150,VAL,0,receptor
H,151,THR,0,receptor
H,152,VAL,0,receptor
H,153,SER,0,receptor
H,154,TRP,0,receptor
H,155,ASN,0,receptor
H,156,SER,0,receptor
H,157,GLY,0,receptor
H,158,ALA,0,receptor
H,159,LEU,0,receptor
H,160,THR,0,receptor
H,161,SER,0,receptor
H,162,GLY,0,receptor
H,163,VAL,0,receptor
H,164,HIS,0,receptor
H,165,THR,0,receptor
H,166,PHE,0,receptor
H,167,PRO,0,receptor
H,168,ALA,0,receptor
H,169,VAL,0,receptor
H,170,LEU,0,receptor
H,171,GLN,0,receptor
H,172,SER,0,receptor
H,173,SER,0,receptor
H,174,GLY,0,receptor
H,175,LEU,0,receptor
H,176,TYR,0,receptor
H,177,SER,0,receptor
H,178,LEU,0,receptor
H,179,SER,0,receptor
H,180,SER,0,receptor
H,181,VAL,0,receptor
H,182,VAL,0,receptor
H,183,THR,0,receptor
H,184,VAL,0,receptor
H,185,PRO,0,receptor
H,186,SER,0,receptor
H,187,SER,0,receptor
H,188,SER,0,receptor
H,189,LEU,0,receptor
H,190,GLY,0,receptor
H,191,THR,0,receptor
H,192,GLN,0,receptor
H,193,THR,0,receptor
H,194,TYR,0,receptor
H,195,ILE,0,receptor
H,196,CYS,0,receptor
H,197,ASN,0,receptor
H,198,VAL,0,receptor
H,199,ASN,0,receptor
H,200,HIS,0,receptor
H,201,LYS,0,receptor
H,202,PRO,0,receptor
H,203,SER,0,receptor
H,204,ASN,0,receptor
H,205,THR,0,receptor
H,206,LYS,0,receptor
H,207,VAL,0,receptor
H,208,ASP,0,receptor
H,209,LYS,0,receptor
H,210,ARG,0,receptor
H,211,VAL,0,receptor
H,212,GLU,0,receptor
H,213,PRO,0,receptor
H,214,LYS,0,receptor
L,2,TYR,0,receptor
L,3,GLU,0,receptor
L,4,LEU,0,receptor
L,5,THR,0,receptor
L,6,GLN,0,receptor
L,7,PRO,0,receptor
L,8,PRO,0,receptor
L,9,SER,0,receptor
L,11,VAL,0,receptor
L,12,SER,0,receptor
L,13,VAL,0,receptor
L,14,SER,0,receptor
L,15,PRO,0,receptor
L,16,GLY,0,receptor
L,17,GLN,0,receptor
L,18,THR,0,receptor
L,19,ALA,0,receptor
L,20,SER,0,receptor
L,21,ILE,0,receptor
L,22,THR,0,receptor
L,23,CYS,0,receptor
L,24,SER,0,receptor
L,25,GLY,0,receptor
L,26,ASP,0,receptor
L,27,LYS,0,receptor
L,28,LEU,0,receptor
L,29,GLY,1,receptor
L,30,ASP,1,receptor
L,31,LYS,1,receptor
L,32,TYR,1,receptor
L,33,ALA,0,receptor
L,34,CYS,0,receptor
L,35,TRP,0,receptor
L,36,TYR,0,receptor
L,37,GLN,0,receptor
L,38,GLN,0,receptor
L,39,LYS,0,receptor
L,40,PRO,0,receptor
L,41,GLY,0,receptor
L,42,GLN,0,receptor
L,43,SER,0,receptor
L,44,PRO,0,receptor
L,45,VAL,0,receptor
L,46,VAL,0,receptor
L,47,VAL,0,receptor
L,48,ILE,0,receptor
L,49,TYR,0,receptor
L,50,GLN,1,receptor
L,51,ASP,1,receptor
L,52,THR,0,receptor
L,53,LYS,0,receptor
L,54,ARG,0,receptor
L,55,PRO,0,receptor
L,56,SER,0,receptor
L,57,GLY,0,receptor
L,58,ILE,0,receptor
L,59,PRO,0,receptor
L,60,GLU,0,receptor
L,61,ARG,0,receptor
L,62,PHE,0,receptor
L,63,SER,0,receptor
L,64,GLY,0,receptor
L,65,SER,0,receptor
L,66,ASN,1,receptor
L,67,SER,0,receptor
L,68,GLY,0,receptor
L,69,ASN,0,receptor
L,70,THR,0,receptor
L,71,ALA,0,receptor
L,72,THR,0,receptor
L,73,LEU,0,receptor
L,74,THR,0,receptor
L,75,ILE,0,receptor
L,76,SER,0,receptor
L,77,GLY,0,receptor
L,78,THR,0,receptor
L,79,GLN,0,receptor
L,80,ALA,0,receptor
L,81,MET,0,receptor
L,82,ASP,0,receptor
L,83,GLU,0,receptor
L,84,ALA,0,receptor
L,85,ASP,0,receptor
L,86,TYR,0,receptor
L,87,TYR,0,receptor
L,88,CYS,0,receptor
L,89,GLN,0,receptor
L,90,ALA,0,receptor
L,91,TRP,1,receptor
L,92,ASP,0,receptor
L,93,SER,0,receptor
L,94,SER,0,receptor
L,95,THR,0,receptor
L,96,VAL,0,receptor
L,97,VAL,0,receptor
L,98,PHE,0,receptor
L,99,GLY,0,receptor
L,100,GLY,0,receptor
L,101,GLY,0,receptor
L,102,THR,0,receptor
L,103,LYS,0,receptor
L,104,LEU,0,receptor
L,105,THR,0,receptor
L,106,VAL,0,receptor
L,107,LEU,0,receptor
L,108,GLY,0,receptor
L,109,GLN,0,receptor
L,110,PRO,0,receptor
L,111,LYS,0,receptor
L,112,ALA,0,receptor
L,113,ALA,0,receptor
L,114,PRO,0,receptor
L,115,SER,0,receptor
L,116,VAL,0,receptor
L,117,THR,0,receptor
L,118,LEU,0,receptor
L,119,PHE,0,receptor
L,120,PRO,0,receptor
L,121,PRO,0,receptor
L,122,SER,0,receptor
L,123,SER,0,receptor
L,124,GLU,0,receptor
L,125,GLU,0,receptor
L,126,LEU,0,receptor
L,127,GLN,0,receptor
L,128,ALA,0,receptor
L,129,ASN,0,receptor
L,130,LYS,0,receptor
L,131,ALA,0,receptor
L,132,THR,0,receptor
L,133,LEU,0,receptor
L,134,VAL,0,receptor
L,135,CYS,0,receptor
L,136,LEU,0,receptor
L,137,ILE,0,receptor
L,138,SER,0,receptor
L,139,ASP,0,receptor
L,140,PHE,0,receptor
L,141,TYR,0,receptor
L,142,PRO,0,receptor
L,143,GLY,0,receptor
L,144,ALA,0,receptor
L,145,VAL,0,receptor
L,146,THR,0,receptor
L,147,VAL,0,receptor
L,148,ALA,0,receptor
L,149,TRP,0,receptor
L,150,LYS,0,receptor
L,151,ALA,0,receptor
L,152,ASP,0,receptor
L,153,SER,0,receptor
L,154,SER,0,receptor
L,155,PRO,0,receptor
L,156,VAL,0,receptor
L,157,LYS,0,receptor
L,158,ALA,0,receptor
L,159,GLY,0,receptor
L,160,VAL,0,receptor
L,161,GLU,0,receptor
L,162,THR,0,receptor
L,163,THR,0,receptor
L,164,THR,0,receptor
L,165,PRO,0,receptor
L,166,SER,0,receptor
L,167,LYS,0,receptor
L,168,GLN,0,receptor
L,169,SER,0,receptor
L,170,ASN,0,receptor
L,171,ASN,0,receptor
L,172,LYS,0,receptor
L,173,TYR,0,receptor
L,174,ALA,0,receptor
L,175,ALA,0,receptor
L,176,SER,0,receptor
L,177,SER,0,receptor
L,178,TYR,0,receptor
L,179,LEU,0,receptor
L,180,SER,0,receptor
L,181,LEU,0,receptor
L,182,THR,0,receptor
L,183,PRO,0,receptor
L,184,GLU,0,receptor
L,185,GLN,0,receptor
L,186,TRP,0,receptor
L,187,LYS,0,receptor
L,188,SER,0,receptor
L,189,HIS,0,receptor
L,190,ARG,0,receptor
L,191,SER,0,receptor
L,192,TYR,0,receptor
L,193,SER,0,receptor
L,194,CYS,0,receptor
L,195,GLN,0,receptor
L,196,VAL,0,receptor
L,197,THR,0,receptor
L,198,HIS,0,receptor
L,199,GLU,0,receptor
L,200,GLY,0,receptor
L,201,SER,0,receptor
L,202,THR,0,receptor
L,203,VAL,0,receptor
L,204,GLU,0,receptor
L,205,LYS,0,receptor
L,206,THR,0,receptor
L,207,VAL,0,receptor
L,208,ALA,0,receptor
L,209,PRO,0,receptor
L,210,THR,0,receptor
L,211,GLU,0,receptor
L,212,CYS,0,receptor
C,310,GLU,0,ligand
C,311,PRO,0,ligand
C,312,SER,0,ligand
C,313,ASP,0,ligand
C,314,LYS,1,ligand
C,315,HIS,0,ligand
C,316,ILE,0,ligand
C,317,LYS,1,ligand
C,318,GLU,1,ligand
C,319,TYR,0,ligand
C,320,LEU,1,ligand
C,321,ASN,1,ligand
C,322,LYS,0,ligand
C,323,ILE,0,ligand
C,324,GLN,1,ligand
C,325,ASN,0,ligand
C,326,SER,0,ligand
C,327,LEU,1,ligand
C,328,SER,0,ligand
C,329,THR,0,ligand
C,330,GLU,0,ligand
C,331,TRP,0,ligand
C,332,SER,0,ligand
C,333,PRO,0,ligand
C,334,CYS,0,ligand
C,335,SER,0,ligand
C,336,VAL,0,ligand
C,337,THR,0,ligand
C,338,CYS,0,ligand
C,339,GLY,0,ligand
C,340,ASN,0,ligand
C,341,GLY,0,ligand
C,342,ILE,0,ligand
C,343,GLN,0,ligand
C,344,VAL,0,ligand
C,345,ARG,0,ligand
C,346,ILE,0,ligand
C,347,LYS,0,ligand
C,348,PRO,0,ligand
C,349,GLY,0,ligand
C,350,SER,0,ligand
C,351,ALA,0,ligand
C,352,ASN,0,ligand
C,353,LYS,0,ligand
C,354,PRO,1,ligand
C,355,LYS,1,ligand
C,356,ASP,1,ligand
C,357,GLU,1,ligand
C,358,LEU,1,ligand
C,359,ASP,1,ligand
C,360,TYR,1,ligand
C,361,ALA,0,ligand
C,362,ASN,0,ligand
C,363,ASP,0,ligand
C,364,ILE,1,ligand
C,365,GLU,0,ligand
C,366,LYS,0,ligand
C,367,LYS,0,ligand
C,368,ILE,0,ligand
C,369,CYS,0,ligand
C,370,LYS,0,ligand
C,371,MET,0,ligand
C,372,GLU,0,ligand
C,373,LYS,0,ligand
C,374,CYS,0,ligand
