chain_id,residue_index,residue_name,interface_label,chain_type
A,24,GLU,0,receptor
A,25,CYS,0,receptor
A,26,SER,0,receptor
A,27,VAL,0,receptor
A,28,ILE,0,receptor
A,29,GLY,0,receptor
A,30,TYR,0,receptor
A,31,ASN,0,receptor
A,32,ALA,0,receptor
A,33,ILE,0,receptor
A,34,CYS,0,receptor
A,35,ILE,0,receptor
A,36,ASN,1,receptor
A,37,ARG,0,receptor
A,38,GLY,0,receptor
A,39,LEU,0,receptor
A,40,HIS,0,receptor
A,41,GLN,0,receptor
A,42,VAL,0,receptor
A,43,PRO,0,receptor
A,44,GLU,0,receptor
A,45,LEU,0,receptor
A,46,PRO,0,receptor
A,47,ALA,0,receptor
A,48,HIS,0,receptor
A,49,VAL,0,receptor
A,50,ASN,0,receptor
A,51,TYR,0,receptor
A,52,VAL,0,receptor
A,53,ASP,0,receptor
A,54,LEU,0,receptor
A,55,SER,0,receptor
A,56,LEU,1,receptor
A,57,ASN,0,receptor
A,58,SER,0,receptor
A,59,ILE,0,receptor
A,60,ALA,0,receptor
A,61,GLU,0,receptor
A,62,LEU,0,receptor
A,63,ASN,0,receptor
A,64,GLU,0,receptor
A,65,THR,0,receptor
A,66,SER,0,receptor
A,67,PHE,0,receptor
A,68,SER,0,receptor
A,69,ARG,0,receptor
A,70,LEU,0,receptor
A,71,GLN,0,receptor
A,72,ASP,0,receptor
A,73,LEU,0,receptor
A,74,GLN,0,receptor
A,75,PHE,0,receptor
A,76,LEU,0,receptor
A,77,LYS,0,receptor
A,78,VAL,0,receptor
A,79,GLU,0,receptor
A,80,GLN,1,receptor
A,81,GLN,0,receptor
A,82,THR,0,receptor
A,83,PRO,0,receptor
A,84,GLY,0,receptor
A,85,LEU,0,receptor
A,86,VAL,0,receptor
A,87,ILE,0,receptor
A,88,ARG,0,receptor
A,89,ASN,0,receptor
A,90,ASN,0,receptor
A,91,THR,0,receptor
A,92,PHE,0,receptor
A,93,ARG,0,receptor
A,94,GLY,0,receptor
A,95,LEU,0,receptor
A,96,SER,0,receptor
A,97,SER,0,receptor
A,98,LEU,0,receptor
A,99,ILE,0,receptor
A,100,ILE,0,receptor
A,101,LEU,0,receptor
A,102,LYS,0,receptor
A,103,LEU,0,receptor
A,104,ASP,0,receptor
A,105,TYR,1,receptor
A,106,ASN,0,receptor
A,107,GLN,1,receptor
A,108,PHE,0,receptor
A,109,LEU,0,receptor
A,110,GLN,0,receptor
A,111,LEU,0,receptor
A,112,GLU,0,receptor
A,113,THR,0,receptor
A,114,GLY,0,receptor
A,115,ALA,0,receptor
A,116,PHE,0,receptor
A,117,ASN,0,receptor
A,118,GLY,0,receptor
A,119,LEU,0,receptor
A,120,ALA,0,receptor
A,121,ASN,0,receptor
A,122,LEU,0,receptor
A,123,GLU,0,receptor
A,124,VAL,0,receptor
A,125,LEU,0,receptor
A,126,THR,0,receptor
A,127,LEU,0,receptor
A,128,THR,0,receptor
A,129,GLN,1,receptor
A,130,CYS,0,receptor
A,131,ASN,1,receptor
A,132,LEU,0,receptor
A,133,ASP,0,receptor
A,134,GLY,0,receptor
A,135,ALA,0,receptor
A,136,VAL,0,receptor
A,137,LEU,0,receptor
A,138,SER,0,receptor
A,139,GLY,0,receptor
A,140,ASN,0,receptor
A,141,PHE,0,receptor
A,142,PHE,0,receptor
A,143,LYS,0,receptor
A,144,PRO,0,receptor
A,145,LEU,0,receptor
A,146,THR,0,receptor
A,147,SER,0,receptor
A,148,LEU,0,receptor
A,149,GLU,0,receptor
A,150,MET,0,receptor
A,151,LEU,0,receptor
A,152,VAL,0,receptor
A,153,LEU,0,receptor
A,154,ARG,0,receptor
A,155,ASP,1,receptor
A,156,ASN,0,receptor
A,157,ASN,1,receptor
A,158,ILE,0,receptor
A,159,LYS,0,receptor
A,160,LYS,0,receptor
A,161,ILE,0,receptor
A,162,GLN,0,receptor
A,163,PRO,0,receptor
A,164,ALA,0,receptor
A,165,SER,0,receptor
A,166,PHE,0,receptor
A,167,PHE,0,receptor
A,168,LEU,0,receptor
A,169,ASN,0,receptor
A,170,MET,0,receptor
A,171,ARG,0,receptor
A,172,ARG,0,receptor
A,173,PHE,0,receptor
A,174,HIS,0,receptor
A,175,VAL,0,receptor
A,176,LEU,0,receptor
A,177,ASP,0,receptor
A,178,LEU,0,receptor
A,179,THR,0,receptor
A,180,PHE,1,receptor
A,181,ASN,0,receptor
A,182,LYS,1,receptor
A,183,VAL,0,receptor
A,184,LYS,1,receptor
A,185,SER,0,receptor
A,186,ILE,0,receptor
A,187,CYS,0,receptor
A,188,GLU,0,receptor
A,189,GLU,0,receptor
A,190,ASP,0,receptor
A,191,LEU,0,receptor
A,192,LEU,0,receptor
A,193,ASN,0,receptor
A,194,PHE,0,receptor
A,195,GLN,0,receptor
A,196,GLY,0,receptor
A,197,LYS,0,receptor
A,198,HIS,0,receptor
A,199,PHE,0,receptor
A,200,THR,0,receptor
A,201,LEU,0,receptor
A,202,LEU,0,receptor
A,203,ARG,0,receptor
A,204,LEU,0,receptor
A,205,SER,0,receptor
A,206,SER,0,receptor
A,207,ILE,0,receptor
A,208,THR,1,receptor
A,209,LEU,0,receptor
A,210,GLN,1,receptor
A,211,ASP,1,receptor
A,212,MET,0,receptor
A,213,ASN,1,receptor
A,214,GLU,0,receptor
A,215,TYR,0,receptor
A,216,TRP,0,receptor
A,217,LEU,0,receptor
A,218,GLY,0,receptor
A,219,TRP,0,receptor
A,220,GLU,0,receptor
A,221,LYS,0,receptor
A,222,CYS,0,receptor
A,223,GLY,0,receptor
A,224,ASN,0,receptor
A,225,PRO,0,receptor
A,226,PHE,0,receptor
A,227,LYS,0,receptor
A,228,ASN,0,receptor
A,229,THR,0,receptor
A,230,SER,0,receptor
A,231,ILE,0,receptor
A,232,THR,0,receptor
A,233,THR,0,receptor
A,234,LEU,0,receptor
A,235,ASP,0,receptor
A,236,LEU,0,receptor
A,237,SER,0,receptor
A,238,GLY,0,receptor
A,239,ASN,0,receptor
A,240,GLY,0,receptor
A,241,PHE,0,receptor
A,242,LYS,0,receptor
A,243,GLU,0,receptor
A,244,SER,0,receptor
A,245,MET,0,receptor
A,246,ALA,0,receptor
A,247,LYS,0,receptor
A,248,ARG,0,receptor
A,249,PHE,0,receptor
A,250,PHE,0,receptor
A,251,ASP,0,receptor
A,252,ALA,0,receptor
A,253,ILE,0,receptor
A,254,ALA,0,receptor
A,255,GLY,0,receptor
A,256,THR,0,receptor
A,257,LYS,0,receptor
A,258,ILE,0,receptor
A,259,GLN,0,receptor
A,260,SER,0,receptor
A,261,LEU,0,receptor
A,262,ILE,0,receptor
A,263,LEU,0,receptor
A,264,SER,0,receptor
A,265,ASN,0,receptor
A,266,SER,0,receptor
A,267,TYR,1,receptor
A,268,ASN,1,receptor
A,269,MET,0,receptor
A,270,GLY,0,receptor
A,271,SER,0,receptor
A,272,SER,0,receptor
A,273,PHE,0,receptor
A,274,GLY,0,receptor
A,275,HIS,0,receptor
A,276,THR,0,receptor
A,277,ASN,0,receptor
A,278,PHE,0,receptor
A,279,LYS,0,receptor
A,280,ASP,0,receptor
A,281,PRO,0,receptor
A,282,ASP,0,receptor
A,283,ASN,0,receptor
A,284,PHE,0,receptor
A,285,THR,0,receptor
A,286,PHE,0,receptor
A,287,LYS,0,receptor
A,288,GLY,0,receptor
A,289,LEU,0,receptor
A,290,GLU,0,receptor
A,291,ALA,0,receptor
A,292,SER,0,receptor
A,293,GLY,0,receptor
A,294,VAL,0,receptor
A,295,LYS,0,receptor
A,296,THR,0,receptor
A,297,CYS,0,receptor
A,298,ASP,0,receptor
A,299,LEU,0,receptor
A,300,SER,0,receptor
A,301,LYS,0,receptor
A,302,SER,0,receptor
A,303,LYS,1,receptor
A,304,ILE,0,receptor
A,305,PHE,0,receptor
A,306,ALA,0,receptor
A,307,LEU,0,receptor
A,308,LEU,0,receptor
A,309,LYS,0,receptor
A,310,SER,0,receptor
A,311,VAL,0,receptor
A,312,PHE,0,receptor
A,313,SER,0,receptor
A,314,HIS,0,receptor
A,315,PHE,0,receptor
A,316,THR,0,receptor
A,317,ASP,0,receptor
A,318,LEU,0,receptor
A,319,GLU,0,receptor
A,320,GLN,0,receptor
A,321,LEU,0,receptor
A,322,THR,0,receptor
A,323,LEU,0,receptor
A,324,ALA,0,receptor
A,325,GLN,0,receptor
A,326,ASN,0,receptor
A,327,GLU,0,receptor
A,328,ILE,0,receptor
A,329,ASN,0,receptor
A,330,LYS,0,receptor
A,331,ILE,0,receptor
A,332,ASP,0,receptor
A,333,ASP,0,receptor
A,334,ASN,0,receptor
A,335,ALA,0,receptor
A,336,PHE,0,receptor
A,337,TRP,0,receptor
A,338,GLY,0,receptor
A,339,LEU,0,receptor
A,340,THR,0,receptor
A,341,HIS,0,receptor
A,342,LEU,0,receptor
A,343,LEU,0,receptor
A,344,LYS,0,receptor
A,345,LEU,0,receptor
A,346,ASN,0,receptor
A,347,LEU,0,receptor
A,348,SER,0,receptor
A,349,GLN,0,receptor
A,350,ASN,0,receptor
A,351,PHE,0,receptor
A,352,LEU,0,receptor
A,353,GLY,0,receptor
A,354,SER,0,receptor
A,355,ILE,0,receptor
A,356,ASP,0,receptor
A,357,SER,0,receptor
A,358,ARG,0,receptor
A,359,MET,0,receptor
A,360,PHE,0,receptor
A,361,GLU,0,receptor
A,362,ASN,0,receptor
A,363,LEU,0,receptor
A,364,ASP,0,receptor
A,365,LYS,0,receptor
A,366,LEU,0,receptor
A,367,GLU,0,receptor
A,368,VAL,0,receptor
A,369,LEU,0,receptor
A,370,ASP,0,receptor
A,371,LEU,0,receptor
A,372,SER,0,receptor
A,373,TYR,0,receptor
A,374,ASN,0,receptor
A,375,HIS,0,receptor
A,376,ILE,0,receptor
A,377,ARG,0,receptor
A,378,ALA,0,receptor
A,379,LEU,0,receptor
A,380,GLY,0,receptor
A,381,ASP,0,receptor
A,382,GLN,0,receptor
A,383,SER,0,receptor
A,384,PHE,0,receptor
A,385,LEU,0,receptor
A,386,GLY,0,receptor
A,387,LEU,0,receptor
A,388,PRO,0,receptor
A,389,ASN,0,receptor
A,390,LEU,0,receptor
A,391,LYS,0,receptor
A,392,GLU,0,receptor
A,393,LEU,0,receptor
A,394,ALA,0,receptor
A,395,LEU,0,receptor
A,396,ASP,0,receptor
A,397,THR,0,receptor
A,398,ASN,0,receptor
A,399,GLN,0,receptor
A,400,LEU,0,receptor
A,401,LYS,0,receptor
A,402,SER,0,receptor
A,403,VAL,0,receptor
A,404,PRO,0,receptor
A,405,ASP,0,receptor
A,406,GLY,0,receptor
A,407,ILE,0,receptor
A,408,PHE,0,receptor
A,409,ASP,0,receptor
A,410,ARG,0,receptor
A,411,LEU,0,receptor
A,412,THR,0,receptor
A,413,SER,0,receptor
A,414,LEU,0,receptor
A,415,GLN,0,receptor
A,416,LYS,0,receptor
A,417,ILE,0,receptor
A,418,TRP,0,receptor
A,419,LEU,0,receptor
A,420,HIS,0,receptor
A,421,THR,0,receptor
A,422,ASN,0,receptor
A,423,PRO,0,receptor
A,424,TRP,0,receptor
A,425,ASP,0,receptor
A,426,CYS,0,receptor
A,427,SER,0,receptor
A,428,CYS,0,receptor
A,429,PRO,0,receptor
A,430,ARG,0,receptor
A,431,ILE,0,receptor
A,432,ASP,0,receptor
A,433,TYR,0,receptor
A,434,LEU,0,receptor
A,435,SER,0,receptor
A,436,ARG,0,receptor
A,437,TRP,0,receptor
A,438,LEU,0,receptor
A,439,ASN,0,receptor
A,440,LYS,0,receptor
A,441,ASN,0,receptor
A,442,SER,0,receptor
A,443,GLN,0,receptor
A,444,LYS,0,receptor
A,445,GLU,0,receptor
A,446,GLN,0,receptor
A,447,GLY,0,receptor
A,448,SER,0,receptor
A,449,ALA,0,receptor
A,450,LYS,0,receptor
A,451,CYS,0,receptor
A,452,SER,0,receptor
A,453,GLY,0,receptor
A,454,SER,0,receptor
A,455,GLY,0,receptor
A,456,LYS,0,receptor
A,457,PRO,0,receptor
A,458,VAL,0,receptor
A,459,ARG,0,receptor
A,460,SER,0,receptor
A,461,ILE,0,receptor
A,462,ILE,0,receptor
A,463,CYS,0,receptor
A,464,PRO,0,receptor
C,16,LEU,0,ligand
C,17,TYR,0,ligand
C,18,PHE,0,ligand
C,19,GLN,0,ligand
C,20,GLY,0,ligand
C,21,ALA,0,ligand
C,22,CYS,0,ligand
C,23,PRO,0,ligand
C,24,SER,0,ligand
C,25,GLN,0,ligand
C,26,CYS,0,ligand
C,27,SER,0,ligand
C,28,CYS,0,ligand
C,29,SER,1,ligand
C,30,GLY,1,ligand
C,31,THR,0,ligand
C,32,THR,1,ligand
C,33,VAL,0,ligand
C,34,ASP,1,ligand
C,35,CYS,0,ligand
C,36,SER,0,ligand
C,37,GLY,0,ligand
C,38,LYS,0,ligand
C,39,SER,0,ligand
C,40,LEU,0,ligand
C,41,ALA,0,ligand
C,42,SER,0,ligand
C,43,VAL,0,ligand
C,44,PRO,0,ligand
C,45,GLY,0,ligand
C,46,GLY,0,ligand
C,47,ILE,0,ligand
C,48,PRO,0,ligand
C,49,THR,0,ligand
C,50,THR,0,ligand
C,51,THR,0,ligand
C,52,GLN,1,ligand
C,53,VAL,0,ligand
C,54,LEU,0,ligand
C,55,TYR,1,ligand
C,56,LEU,0,ligand
C,57,TYR,1,ligand
C,58,ASP,0,ligand
C,59,ASN,0,ligand
C,60,GLN,0,ligand
C,61,ILE,0,ligand
C,62,THR,0,ligand
C,63,LYS,0,ligand
C,64,LEU,0,ligand
C,65,GLU,0,ligand
C,66,PRO,0,ligand
C,67,GLY,0,ligand
C,68,VAL,0,ligand
C,69,PHE,0,ligand
C,70,ASP,0,ligand
C,71,ARG,0,ligand
C,72,LEU,0,ligand
C,73,VAL,0,ligand
C,74,ASN,0,ligand
C,75,LEU,0,ligand
C,76,GLN,1,ligand
C,77,GLN,0,ligand
C,78,LEU,0,ligand
C,79,TRP,1,ligand
C,80,LEU,0,ligand
C,81,GLU,0,ligand
C,82,ILE,1,ligand
C,83,ASN,0,ligand
C,84,GLN,0,ligand
C,85,LEU,0,ligand
C,86,THR,0,ligand
C,87,SER,0,ligand
C,88,LEU,0,ligand
C,89,PRO,0,ligand
C,90,ALA,0,ligand
C,91,GLY,0,ligand
C,92,VAL,0,ligand
C,93,PHE,0,ligand
C,94,ASP,0,ligand
C,95,ASN,0,ligand
C,96,LEU,0,ligand
C,97,THR,0,ligand
C,98,GLN,1,ligand
C,99,LEU,0,ligand
C,100,SER,0,ligand
C,101,ILE,0,ligand
C,102,LEU,0,ligand
C,103,ASN,0,ligand
C,104,MET,0,ligand
C,105,HIS,1,ligand
C,106,THR,1,ligand
C,107,ASN,0,ligand
C,108,GLN,0,ligand
C,109,LEU,0,ligand
C,110,LYS,0,ligand
C,111,SER,0,ligand
C,112,ILE,0,ligand
C,113,PRO,0,ligand
C,114,ARG,0,ligand
C,115,GLY,0,ligand
C,116,ALA,0,ligand
C,117,PHE,0,ligand
C,118,ASP,0,ligand
C,119,ASN,0,ligand
C,120,LEU,0,ligand
C,121,LYS,0,ligand
C,122,SER,0,ligand
C,123,LEU,0,ligand
C,124,THR,0,ligand
C,125,HIS,1,ligand
C,126,ILE,0,ligand
C,127,TRP,1,ligand
C,128,LEU,0,ligand
C,129,LEU,1,ligand
C,130,ASN,1,ligand
C,131,ASN,0,ligand
C,132,PRO,0,ligand
C,133,TRP,0,ligand
C,134,ASP,0,ligand
C,135,CYS,0,ligand
C,136,ALA,0,ligand
C,137,CYS,0,ligand
C,138,SER,0,ligand
C,139,ASP,0,ligand
C,140,ILE,0,ligand
C,141,LEU,0,ligand
C,142,TYR,0,ligand
C,143,LEU,0,ligand
C,144,SER,0,ligand
C,145,GLY,0,ligand
C,146,TRP,0,ligand
C,147,LEU,0,ligand
C,148,GLY,0,ligand
C,149,GLN,0,ligand
C,150,HIS,0,ligand
C,151,ALA,0,ligand
C,152,GLY,0,ligand
C,153,LYS,0,ligand
C,154,GLU,0,ligand
C,155,GLN,1,ligand
C,156,GLY,1,ligand
C,157,GLN,1,ligand
C,158,ALA,0,ligand
C,159,VAL,0,ligand
C,160,CYS,0,ligand
C,161,SER,0,ligand
C,162,GLY,0,ligand
C,163,THR,0,ligand
C,164,ASN,1,ligand
C,165,THR,0,ligand
C,166,PRO,0,ligand
C,167,VAL,0,ligand
C,168,ARG,0,ligand
C,169,ALA,0,ligand
C,170,VAL,0,ligand
C,171,THR,0,ligand
C,172,GLU,0,ligand
C,173,ALA,0,ligand
C,174,SER,0,ligand
C,175,THR,0,ligand
C,176,SER,0,ligand
C,177,PRO,0,ligand
C,178,SER,0,ligand
C,179,LYS,0,ligand
C,180,CYS,0,ligand
