chain_id,residue_index,residue_name,interface_label,chain_type
H,1,ALA,0,receptor
H,2,VAL,0,receptor
H,3,LYS,0,receptor
H,4,LEU,0,receptor
H,5,GLN,0,receptor
H,6,GLU,0,receptor
H,7,SER,0,receptor
H,8,GLY,0,receptor
H,9,PRO,0,receptor
H,10,GLY,0,receptor
H,11,ILE,0,receptor
H,12,LEU,0,receptor
H,13,LYS,0,receptor
H,14,PRO,0,receptor
H,15,SER,0,receptor
H,16,GLN,0,receptor
H,17,THR,0,receptor
H,18,LEU,0,receptor
H,19,SER,0,receptor
H,20,LEU,0,receptor
H,21,THR,0,receptor
H,22,CYS,0,receptor
H,23,SER,0,receptor
H,24,PHE,0,receptor
H,25,SER,0,receptor
H,26,GLY,0,receptor
H,27,PHE,0,receptor
H,28,SER,0,receptor
H,29,LEU,0,receptor
H,30,THR,0,receptor
H,31,THR,0,receptor
H,32,TYR,1,receptor
H,33,GLY,1,receptor
H,34,MET,0,receptor
H,35,GLY,0,receptor
H,35,VAL,0,receptor
H,35,GLY,0,receptor
H,36,TRP,0,receptor
H,37,ILE,0,receptor
H,38,ARG,0,receptor
H,39,GLN,0,receptor
H,40,SER,0,receptor
H,41,SER,0,receptor
H,42,GLY,0,receptor
H,43,LYS,0,receptor
H,44,GLY,0,receptor
H,45,LEU,0,receptor
H,46,GLU,0,receptor
H,47,TRP,0,receptor
H,48,LEU,0,receptor
H,49,ALA,0,receptor
H,50,HIS,0,receptor
H,51,ILE,0,receptor
H,52,TRP,1,receptor
H,53,TRP,1,receptor
H,54,ASP,1,receptor
H,55,ASP,0,receptor
H,56,ASP,1,receptor
H,57,LYS,0,receptor
H,58,TYR,1,receptor
H,59,TYR,0,receptor
H,60,ASN,0,receptor
H,61,PRO,0,receptor
H,62,SER,0,receptor
H,63,LEU,0,receptor
H,64,LYS,0,receptor
H,65,SER,0,receptor
H,66,ARG,0,receptor
H,67,LEU,0,receptor
H,68,THR,0,receptor
H,69,ILE,0,receptor
H,70,SER,0,receptor
H,71,LYS,0,receptor
H,72,ASP,0,receptor
H,73,THR,0,receptor
H,74,SER,0,receptor
H,75,ARG,0,receptor
H,76,ASN,0,receptor
H,77,GLN,0,receptor
H,78,VAL,0,receptor
H,79,PHE,0,receptor
H,80,LEU,0,receptor
H,81,LYS,0,receptor
H,82,ILE,0,receptor
H,82,THR,0,receptor
H,82,SER,0,receptor
H,82,VAL,0,receptor
H,83,ALA,0,receptor
H,84,THR,0,receptor
H,85,ALA,0,receptor
H,86,ASP,0,receptor
H,87,THR,0,receptor
H,88,ALA,0,receptor
H,89,THR,0,receptor
H,90,TYR,0,receptor
H,91,TYR,0,receptor
H,92,CYS,0,receptor
H,93,ALA,0,receptor
H,94,ARG,0,receptor
H,95,ARG,1,receptor
H,96,ALA,0,receptor
H,97,PRO,0,receptor
H,98,PHE,0,receptor
H,99,TYR,1,receptor
H,100,GLY,1,receptor
H,100,ASN,1,receptor
H,100,HIS,1,receptor
H,100,ALA,0,receptor
H,100,MET,0,receptor
H,101,ASP,0,receptor
H,102,TYR,0,receptor
H,103,TRP,0,receptor
H,104,GLY,0,receptor
H,105,GLN,0,receptor
H,106,GLY,0,receptor
H,107,THR,0,receptor
H,108,THR,0,receptor
H,109,VAL,0,receptor
H,110,THR,0,receptor
H,111,VAL,0,receptor
H,112,SER,0,receptor
H,113,SER,0,receptor
H,114,ALA,0,receptor
H,115,LYS,0,receptor
H,116,THR,0,receptor
H,117,THR,0,receptor
H,118,PRO,0,receptor
H,142,CYS,0,receptor
H,143,LEU,0,receptor
H,144,VAL,0,receptor
H,145,LYS,0,receptor
H,146,GLY,0,receptor
H,147,TYR,0,receptor
H,148,PHE,0,receptor
H,149,PRO,0,receptor
H,150,GLU,0,receptor
H,151,PRO,0,receptor
H,152,VAL,0,receptor
H,153,THR,0,receptor
H,154,VAL,0,receptor
H,156,THR,0,receptor
H,157,TRP,0,receptor
H,161,ASN,0,receptor
H,162,SER,0,receptor
H,163,GLY,0,receptor
H,164,SER,0,receptor
H,165,LEU,0,receptor
H,166,SER,0,receptor
H,167,SER,0,receptor
H,168,GLY,0,receptor
H,171,VAL,0,receptor
H,172,HIS,0,receptor
H,173,THR,0,receptor
H,174,PHE,0,receptor
H,175,PRO,0,receptor
H,176,ALA,0,receptor
H,177,VAL,0,receptor
H,178,LEU,0,receptor
H,179,GLN,0,receptor
H,180,SER,0,receptor
H,183,ASP,0,receptor
H,184,LEU,0,receptor
H,185,TYR,0,receptor
H,186,THR,0,receptor
H,187,LEU,0,receptor
H,188,SER,0,receptor
H,189,SER,0,receptor
H,190,SER,0,receptor
H,191,VAL,0,receptor
H,192,THR,0,receptor
H,196,VAL,0,receptor
H,197,PRO,0,receptor
H,198,SER,0,receptor
H,199,SER,0,receptor
H,200,PRO,0,receptor
H,201,ARG,0,receptor
H,202,PRO,0,receptor
H,203,SER,0,receptor
H,204,GLU,0,receptor
H,205,THR,0,receptor
H,206,VAL,0,receptor
H,207,THR,0,receptor
H,208,CYS,0,receptor
H,209,ASN,0,receptor
H,210,VAL,0,receptor
H,211,ALA,0,receptor
H,212,HIS,0,receptor
H,213,PRO,0,receptor
H,214,ALA,0,receptor
H,215,SER,0,receptor
H,216,SER,0,receptor
H,217,THR,0,receptor
H,218,LYS,0,receptor
H,219,VAL,0,receptor
H,220,ASP,0,receptor
H,221,LYS,0,receptor
L,1,SER,0,receptor
L,2,VAL,0,receptor
L,3,GLU,0,receptor
L,4,MET,0,receptor
L,5,THR,0,receptor
L,6,GLN,0,receptor
L,7,SER,0,receptor
L,8,PRO,0,receptor
L,9,SER,0,receptor
L,10,SER,0,receptor
L,11,PHE,0,receptor
L,12,SER,0,receptor
L,13,VAL,0,receptor
L,14,SER,0,receptor
L,15,LEU,0,receptor
L,16,GLY,0,receptor
L,17,ASP,0,receptor
L,18,ARG,0,receptor
L,19,VAL,0,receptor
L,20,THR,0,receptor
L,21,ILE,0,receptor
L,22,THR,0,receptor
L,23,CYS,0,receptor
L,24,LYS,0,receptor
L,25,ALA,0,receptor
L,26,SER,0,receptor
L,27,GLU,1,receptor
L,28,ASP,1,receptor
L,29,ILE,0,receptor
L,30,TYR,1,receptor
L,31,ASN,0,receptor
L,32,ARG,1,receptor
L,33,LEU,0,receptor
L,34,ALA,0,receptor
L,35,TRP,0,receptor
L,36,TYR,0,receptor
L,37,GLN,0,receptor
L,38,GLN,0,receptor
L,39,LYS,0,receptor
L,40,PRO,0,receptor
L,41,GLY,0,receptor
L,42,ASN,0,receptor
L,43,ALA,0,receptor
L,44,PRO,0,receptor
L,45,ARG,0,receptor
L,46,LEU,0,receptor
L,47,LEU,0,receptor
L,48,ILE,0,receptor
L,49,SER,0,receptor
L,50,GLY,0,receptor
L,51,ALA,0,receptor
L,52,THR,0,receptor
L,53,SER,0,receptor
L,54,LEU,0,receptor
L,55,GLU,0,receptor
L,56,THR,0,receptor
L,57,GLU,0,receptor
L,58,VAL,0,receptor
L,59,PRO,0,receptor
L,60,SER,0,receptor
L,61,ARG,0,receptor
L,62,PHE,0,receptor
L,63,SER,0,receptor
L,64,GLY,0,receptor
L,65,SER,0,receptor
L,66,GLY,0,receptor
L,67,SER,0,receptor
L,68,GLY,0,receptor
L,69,LYS,0,receptor
L,70,ASP,0,receptor
L,71,TYR,0,receptor
L,72,THR,0,receptor
L,73,LEU,0,receptor
L,74,SER,0,receptor
L,75,ILE,0,receptor
L,76,THR,0,receptor
L,77,SER,0,receptor
L,78,LEU,0,receptor
L,79,GLN,0,receptor
L,80,THR,0,receptor
L,81,GLU,0,receptor
L,82,ASP,0,receptor
L,83,VAL,0,receptor
L,84,ALA,0,receptor
L,85,THR,0,receptor
L,86,TYR,0,receptor
L,87,TYR,0,receptor
L,88,CYS,0,receptor
L,89,GLN,0,receptor
L,90,GLN,0,receptor
L,91,TYR,1,receptor
L,92,TRP,1,receptor
L,93,SER,1,receptor
L,94,THR,1,receptor
L,96,TRP,1,receptor
L,97,THR,0,receptor
L,98,PHE,0,receptor
L,99,GLY,0,receptor
L,100,GLY,0,receptor
L,101,GLY,0,receptor
L,102,THR,0,receptor
L,103,LYS,0,receptor
L,104,LEU,0,receptor
L,105,GLU,0,receptor
L,106,ILE,0,receptor
L,107,LYS,0,receptor
L,108,ARG,0,receptor
L,109,ALA,0,receptor
L,110,ASP,0,receptor
L,111,ALA,0,receptor
L,112,ALA,0,receptor
L,113,PRO,0,receptor
L,114,THR,0,receptor
L,115,VAL,0,receptor
L,116,SER,0,receptor
L,117,ILE,0,receptor
L,118,PHE,0,receptor
L,119,PRO,0,receptor
L,120,PRO,0,receptor
L,121,SER,0,receptor
L,122,SER,0,receptor
L,123,GLU,0,receptor
L,124,GLN,0,receptor
L,125,LEU,0,receptor
L,126,THR,0,receptor
L,127,SER,0,receptor
L,128,GLY,0,receptor
L,129,GLY,0,receptor
L,130,ALA,0,receptor
L,131,SER,0,receptor
L,132,VAL,0,receptor
L,133,VAL,0,receptor
L,134,CYS,0,receptor
L,135,PHE,0,receptor
L,136,LEU,0,receptor
L,137,ASN,0,receptor
L,138,ASN,0,receptor
L,139,PHE,0,receptor
L,140,TYR,0,receptor
L,141,PRO,0,receptor
L,142,LYS,0,receptor
L,143,ASP,0,receptor
L,144,ILE,0,receptor
L,145,ASN,0,receptor
L,146,VAL,0,receptor
L,147,LYS,0,receptor
L,148,TRP,0,receptor
L,149,LYS,0,receptor
L,150,ILE,0,receptor
L,151,ASP,0,receptor
L,152,GLY,0,receptor
L,153,SER,0,receptor
L,154,GLU,0,receptor
L,155,ARG,0,receptor
L,156,GLN,0,receptor
L,157,ASN,0,receptor
L,158,GLY,0,receptor
L,159,VAL,0,receptor
L,160,LEU,0,receptor
L,161,ASN,0,receptor
L,162,SER,0,receptor
L,163,TRP,0,receptor
L,164,THR,0,receptor
L,165,ASP,0,receptor
L,166,GLN,0,receptor
L,167,ASP,0,receptor
L,168,SER,0,receptor
L,169,LYS,0,receptor
L,170,ASP,0,receptor
L,171,SER,0,receptor
L,172,THR,0,receptor
L,173,TYR,0,receptor
L,174,SER,0,receptor
L,175,MET,0,receptor
L,176,SER,0,receptor
L,177,SER,0,receptor
L,178,THR,0,receptor
L,179,LEU,0,receptor
L,180,THR,0,receptor
L,181,LEU,0,receptor
L,182,THR,0,receptor
L,183,LYS,0,receptor
L,184,ASP,0,receptor
L,185,GLU,0,receptor
L,186,TYR,0,receptor
L,187,GLU,0,receptor
L,188,ARG,0,receptor
L,189,HIS,0,receptor
L,190,ASN,0,receptor
L,191,SER,0,receptor
L,192,TYR,0,receptor
L,193,THR,0,receptor
L,194,CYS,0,receptor
L,195,GLU,0,receptor
L,196,ALA,0,receptor
L,197,THR,0,receptor
L,198,HIS,0,receptor
L,199,LYS,0,receptor
L,200,THR,0,receptor
L,201,SER,0,receptor
L,202,THR,0,receptor
L,203,SER,0,receptor
L,204,PRO,0,receptor
L,205,ILE,0,receptor
L,206,VAL,0,receptor
L,207,LYS,0,receptor
I,11,SER,0,ligand
I,12,VAL,0,ligand
I,13,PRO,0,ligand
I,14,THR,0,ligand
I,15,PRO,0,ligand
I,16,THR,0,ligand
I,17,ASN,0,ligand
I,18,VAL,0,ligand
I,19,THR,0,ligand
I,20,ILE,0,ligand
I,21,GLU,0,ligand
I,22,SER,0,ligand
I,23,TYR,0,ligand
I,24,ASN,0,ligand
I,25,MET,0,ligand
I,26,ASN,0,ligand
I,27,PRO,0,ligand
I,28,ILE,0,ligand
I,29,VAL,0,ligand
I,30,TYR,0,ligand
I,31,TRP,0,ligand
I,32,GLU,0,ligand
I,33,TYR,0,ligand
I,34,GLN,0,ligand
I,35,ILE,0,ligand
I,36,MET,0,ligand
I,37,PRO,0,ligand
I,38,GLN,0,ligand
I,39,VAL,0,ligand
I,40,PRO,0,ligand
I,41,VAL,0,ligand
I,42,PHE,0,ligand
I,43,THR,0,ligand
I,44,VAL,0,ligand
I,45,GLU,0,ligand
I,46,VAL,0,ligand
I,47,LYS,1,ligand
I,48,ASN,0,ligand
I,49,TYR,1,ligand
I,50,GLY,1,ligand
I,51,VAL,1,ligand
I,52,LYS,1,ligand
I,53,ASN,1,ligand
I,54,SER,1,ligand
I,55,GLU,1,ligand
I,56,TRP,1,ligand
I,57,ILE,0,ligand
I,58,ASP,0,ligand
I,59,ALA,0,ligand
I,60,CYS,0,ligand
I,61,ILE,0,ligand
I,62,ASN,0,ligand
I,63,ILE,0,ligand
I,64,SER,0,ligand
I,65,HIS,0,ligand
I,66,HIS,0,ligand
I,67,TYR,0,ligand
I,68,CYS,0,ligand
I,69,ASN,0,ligand
I,70,ILE,0,ligand
I,71,SER,0,ligand
I,72,ASP,0,ligand
I,73,HIS,0,ligand
I,74,VAL,0,ligand
I,75,GLY,0,ligand
I,76,ASP,1,ligand
I,77,PRO,0,ligand
I,78,SER,1,ligand
I,79,ASN,1,ligand
I,80,SER,1,ligand
I,81,LEU,0,ligand
I,82,TRP,1,ligand
I,83,VAL,0,ligand
I,84,ARG,1,ligand
I,85,VAL,0,ligand
I,86,LYS,0,ligand
I,87,ALA,0,ligand
I,88,ARG,0,ligand
I,89,VAL,0,ligand
I,90,GLY,0,ligand
I,91,GLN,0,ligand
I,92,LYS,0,ligand
I,93,GLU,0,ligand
I,94,SER,0,ligand
I,95,ALA,0,ligand
I,96,TYR,0,ligand
I,97,ALA,0,ligand
I,98,LYS,1,ligand
I,99,SER,1,ligand
I,100,GLU,0,ligand
I,101,GLU,0,ligand
I,102,PHE,0,ligand
I,103,ALA,0,ligand
I,104,VAL,0,ligand
I,105,SER,0,ligand
