PDB_ID,Chain,Res_Name,Res_ID,Label,Node_Degree_10A,Sec_Struct,Is_Helix,Is_Sheet,Is_Coil,RSA,Coord_X,Coord_Y,Coord_Z
3vyr_complex,B,GLU,2,1,4,-,0.0,0.0,1.0,1.0,-9.29,-94.57,-38.21
3vyr_complex,B,GLU,3,1,4,-,0.0,0.0,1.0,0.6856,-8.47,-92.37,-35.21
3vyr_complex,B,PRO,4,1,6,S,0.0,0.0,1.0,0.7279,-5.72,-93.71,-32.98
3vyr_complex,B,PHE,5,1,9,-,0.0,0.0,1.0,0.5635,-6.39,-94.76,-29.37
3vyr_complex,B,GLU,6,1,8,G,1.0,0.0,0.0,0.6649,-9.52,-96.87,-29.97
3vyr_complex,B,ALA,7,0,12,G,1.0,0.0,0.0,0.5943,-9.37,-98.31,-26.44
3vyr_complex,B,TYR,8,0,18,G,1.0,0.0,0.0,0.2793,-10.31,-94.87,-25.07
3vyr_complex,B,ARG,9,0,14,G,1.0,0.0,0.0,0.3347,-13.64,-94.92,-26.89
3vyr_complex,B,SER,10,0,13,-,0.0,0.0,1.0,0.2385,-14.58,-98.59,-26.58
3vyr_complex,B,ARG,11,0,12,H,1.0,0.0,0.0,0.8871,-18.08,-99.16,-25.23
3vyr_complex,B,GLU,12,0,10,H,1.0,0.0,0.0,0.8402,-16.98,-102.49,-23.77
3vyr_complex,B,VAL,13,0,16,H,1.0,0.0,0.0,0.3873,-14.23,-100.7,-21.8
3vyr_complex,B,ALA,14,0,21,H,1.0,0.0,0.0,0.1132,-16.79,-98.12,-20.58
3vyr_complex,B,MET,15,0,14,H,1.0,0.0,0.0,0.484,-18.87,-100.98,-19.21
3vyr_complex,B,LYS,16,0,13,H,1.0,0.0,0.0,0.7268,-16.01,-102.47,-17.22
3vyr_complex,B,LEU,17,0,18,H,1.0,0.0,0.0,0.1341,-15.0,-99.06,-15.89
3vyr_complex,B,VAL,18,0,19,H,1.0,0.0,0.0,0.0634,-18.6,-98.37,-14.8
3vyr_complex,B,GLU,19,0,15,H,1.0,0.0,0.0,0.5722,-18.67,-101.77,-13.09
3vyr_complex,B,LYS,20,0,14,H,1.0,0.0,0.0,0.4,-15.3,-101.05,-11.41
3vyr_complex,B,ILE,21,0,22,H,1.0,0.0,0.0,0.0,-16.45,-97.66,-10.15
3vyr_complex,B,ARG,22,0,19,H,1.0,0.0,0.0,0.4274,-19.51,-99.31,-8.56
3vyr_complex,B,GLU,23,0,12,H,1.0,0.0,0.0,0.6134,-17.4,-101.81,-6.69
3vyr_complex,B,GLU,24,0,14,H,1.0,0.0,0.0,0.1495,-15.03,-99.15,-5.35
3vyr_complex,B,ALA,25,0,22,H,1.0,0.0,0.0,0.0094,-18.01,-97.01,-4.32
3vyr_complex,B,LYS,26,0,12,H,1.0,0.0,0.0,0.8927,-19.6,-99.81,-2.26
3vyr_complex,B,THR,27,0,9,T,0.0,0.0,1.0,0.7394,-16.67,-99.68,0.15
3vyr_complex,B,LEU,28,0,16,-,0.0,0.0,1.0,0.0976,-16.75,-95.89,0.17
3vyr_complex,B,ASP,29,0,9,S,0.0,0.0,1.0,0.9693,-17.4,-94.48,3.62
3vyr_complex,B,GLY,30,0,10,S,0.0,0.0,1.0,0.3929,-19.52,-91.49,2.66
3vyr_complex,B,GLU,31,0,13,-,0.0,0.0,1.0,0.5052,-20.25,-89.62,-0.52
3vyr_complex,B,ILE,32,0,22,E,0.0,1.0,0.0,0.0059,-17.66,-88.44,-3.01
3vyr_complex,B,ARG,33,0,18,E,0.0,1.0,0.0,0.2218,-18.2,-85.18,-4.87
3vyr_complex,B,ILE,34,0,24,E,0.0,1.0,0.0,0.0,-16.14,-84.76,-8.04
3vyr_complex,B,MET,35,0,25,E,0.0,1.0,0.0,0.0,-15.98,-81.5,-9.96
3vyr_complex,B,HIS,36,0,27,E,0.0,1.0,0.0,0.0109,-14.9,-80.76,-13.51
3vyr_complex,B,VAL,37,0,26,-,0.0,0.0,1.0,0.0141,-14.45,-77.32,-15.04
3vyr_complex,B,CYS,38,0,25,-,0.0,0.0,1.0,0.1111,-14.82,-78.01,-18.72
3vyr_complex,B,GLY,39,0,22,H,1.0,0.0,0.0,0.0238,-17.9,-77.67,-20.9
3vyr_complex,B,THR,40,1,22,H,1.0,0.0,0.0,0.331,-16.6,-80.44,-23.14
3vyr_complex,B,HIS,41,0,25,H,1.0,0.0,0.0,0.0054,-16.43,-82.73,-20.11
3vyr_complex,B,GLU,42,0,25,H,1.0,0.0,0.0,0.0,-20.03,-81.9,-19.2
3vyr_complex,B,ASP,43,0,22,H,1.0,0.0,0.0,0.2209,-20.99,-82.61,-22.78
3vyr_complex,B,THR,44,0,18,H,1.0,0.0,0.0,0.0845,-19.34,-86.04,-22.62
3vyr_complex,B,VAL,45,0,21,H,1.0,0.0,0.0,0.0141,-20.91,-86.73,-19.23
3vyr_complex,B,THR,46,0,19,H,1.0,0.0,0.0,0.1197,-24.5,-85.76,-20.08
3vyr_complex,B,ARG,47,0,17,H,1.0,0.0,0.0,0.6331,-24.47,-87.14,-23.63
3vyr_complex,B,HIS,48,0,13,T,0.0,0.0,1.0,0.4783,-23.49,-90.62,-22.39
3vyr_complex,B,GLY,49,0,14,T,0.0,0.0,1.0,0.3333,-25.69,-90.53,-19.31
3vyr_complex,B,ILE,50,0,17,H,1.0,0.0,0.0,0.0059,-22.69,-91.01,-17.04
3vyr_complex,B,ARG,51,0,15,H,1.0,0.0,0.0,0.2218,-24.42,-89.46,-14.01
3vyr_complex,B,SER,52,0,11,H,1.0,0.0,0.0,0.8,-27.03,-92.22,-14.26
3vyr_complex,B,LEU,53,0,13,H,1.0,0.0,0.0,0.3476,-24.5,-95.01,-14.54
3vyr_complex,B,LEU,54,0,18,S,0.0,0.0,1.0,0.0793,-22.85,-93.82,-11.32
3vyr_complex,B,PRO,55,0,18,-,0.0,0.0,1.0,0.125,-23.44,-95.07,-7.74
3vyr_complex,B,GLU,56,0,13,T,0.0,0.0,1.0,0.9021,-25.59,-92.89,-5.48
3vyr_complex,B,ASN,57,0,14,T,0.0,0.0,1.0,0.2357,-22.56,-91.93,-3.41
3vyr_complex,B,VAL,58,0,19,E,0.0,1.0,0.0,0.0282,-20.59,-90.6,-6.4
3vyr_complex,B,LYS,59,0,17,E,0.0,1.0,0.0,0.4732,-21.55,-87.17,-7.73
3vyr_complex,B,VAL,60,0,21,E,0.0,1.0,0.0,0.0563,-20.14,-85.25,-10.69
3vyr_complex,B,VAL,61,0,24,E,0.0,1.0,0.0,0.0563,-20.34,-81.48,-10.16
3vyr_complex,B,SER,62,0,24,E,0.0,1.0,0.0,0.0308,-20.12,-79.09,-13.13
3vyr_complex,B,GLY,63,0,26,-,0.0,0.0,1.0,0.0238,-17.87,-76.09,-12.49
3vyr_complex,B,PRO,64,0,29,S,0.0,0.0,1.0,0.0221,-17.49,-72.79,-14.42
3vyr_complex,B,GLY,65,0,26,-,0.0,0.0,1.0,0.0714,-15.95,-74.4,-17.5
3vyr_complex,B,CYS,66,0,22,-,0.0,0.0,1.0,0.0296,-17.72,-72.07,-19.94
3vyr_complex,B,PRO,67,0,25,T,0.0,0.0,1.0,0.1397,-15.66,-68.98,-20.93
3vyr_complex,B,VAL,68,0,27,T,0.0,0.0,1.0,0.0704,-18.52,-67.26,-22.78
3vyr_complex,B,CYS,69,0,29,T,0.0,0.0,1.0,0.0,-21.0,-67.77,-19.91
3vyr_complex,B,ILE,70,0,27,T,0.0,0.0,1.0,0.0059,-18.67,-65.95,-17.51
3vyr_complex,B,THR,71,0,25,S,0.0,0.0,1.0,0.0,-17.81,-63.05,-19.8
3vyr_complex,B,PRO,72,0,21,-,0.0,0.0,1.0,0.0074,-19.02,-59.97,-17.93
3vyr_complex,B,VAL,73,0,25,H,1.0,0.0,0.0,0.0,-22.0,-57.94,-19.13
3vyr_complex,B,GLU,74,0,20,H,1.0,0.0,0.0,0.3144,-19.98,-54.71,-18.77
3vyr_complex,B,ASP,75,0,16,H,1.0,0.0,0.0,0.1595,-17.53,-55.9,-21.4
3vyr_complex,B,ILE,76,0,23,H,1.0,0.0,0.0,0.0,-20.21,-56.99,-23.86
3vyr_complex,B,VAL,77,0,23,H,1.0,0.0,0.0,0.007,-22.09,-53.71,-23.54
3vyr_complex,B,ALA,78,0,20,H,1.0,0.0,0.0,0.0755,-18.78,-51.83,-23.69
3vyr_complex,B,MET,79,0,23,H,1.0,0.0,0.0,0.0,-17.92,-53.46,-27.0
3vyr_complex,B,GLN,80,0,22,H,1.0,0.0,0.0,0.0202,-21.34,-52.39,-28.24
3vyr_complex,B,LEU,81,0,17,H,1.0,0.0,0.0,0.2439,-20.83,-48.75,-27.17
3vyr_complex,B,ILE,82,0,20,H,1.0,0.0,0.0,0.0,-17.41,-48.76,-28.83
3vyr_complex,B,MET,83,0,23,H,1.0,0.0,0.0,0.0106,-19.04,-49.88,-32.06
3vyr_complex,B,ARG,84,0,17,H,1.0,0.0,0.0,0.3065,-21.47,-46.98,-31.87
3vyr_complex,B,LYS,85,0,16,H,1.0,0.0,0.0,0.322,-18.88,-44.39,-30.89
3vyr_complex,B,ALA,86,0,16,H,1.0,0.0,0.0,0.0,-16.57,-45.59,-33.67
3vyr_complex,B,ARG,87,0,12,H,1.0,0.0,0.0,0.3629,-19.23,-45.09,-36.35
3vyr_complex,B,GLU,88,0,10,H,1.0,0.0,0.0,0.8041,-20.19,-41.7,-34.94
3vyr_complex,B,GLU,89,0,8,T,0.0,0.0,1.0,0.5722,-16.52,-40.72,-35.22
3vyr_complex,B,GLY,90,0,8,T,0.0,0.0,1.0,0.7262,-16.32,-41.9,-38.81
3vyr_complex,B,GLU,91,0,13,-,0.0,0.0,1.0,0.5361,-14.19,-44.97,-38.11
3vyr_complex,B,GLU,92,0,18,-,0.0,0.0,1.0,0.3505,-15.94,-48.11,-39.39
3vyr_complex,B,ILE,93,0,20,E,0.0,1.0,0.0,0.0118,-15.24,-51.36,-37.52
3vyr_complex,B,ILE,94,0,20,E,0.0,1.0,0.0,0.0,-15.65,-55.02,-38.44
3vyr_complex,B,LEU,95,0,26,E,0.0,1.0,0.0,0.0,-16.44,-57.01,-35.26
3vyr_complex,B,THR,96,0,26,E,0.0,1.0,0.0,0.0,-15.77,-60.74,-35.03
3vyr_complex,B,THR,97,0,22,E,0.0,1.0,0.0,0.0,-17.17,-63.06,-32.37
3vyr_complex,B,PHE,98,1,20,-,0.0,0.0,1.0,0.1878,-17.82,-66.72,-31.74
3vyr_complex,B,GLY,99,0,16,H,1.0,0.0,0.0,0.1071,-21.27,-68.01,-32.67
3vyr_complex,B,ASP,100,0,17,H,1.0,0.0,0.0,0.0675,-22.62,-68.4,-29.15
3vyr_complex,B,MET,101,0,24,H,1.0,0.0,0.0,0.0,-21.19,-65.12,-27.83
3vyr_complex,B,TYR,102,0,24,H,1.0,0.0,0.0,0.1577,-23.08,-63.51,-30.73
3vyr_complex,B,LYS,103,0,18,T,0.0,0.0,1.0,0.6146,-26.43,-64.25,-29.08
3vyr_complex,B,ILE,104,0,24,-,0.0,0.0,1.0,0.0,-25.32,-63.63,-25.48
3vyr_complex,B,PRO,105,0,23,-,0.0,0.0,1.0,0.1765,-27.91,-61.46,-23.73
3vyr_complex,B,THR,106,0,20,-,0.0,0.0,1.0,0.1056,-27.27,-58.33,-21.67
3vyr_complex,B,PRO,107,0,12,T,0.0,0.0,1.0,0.5074,-29.82,-55.88,-20.26
3vyr_complex,B,MET,108,0,12,T,0.0,0.0,1.0,0.3777,-29.12,-53.61,-23.26
3vyr_complex,B,GLY,109,0,14,-,0.0,0.0,1.0,0.2024,-28.98,-56.04,-26.15
3vyr_complex,B,SER,110,0,19,-,0.0,0.0,1.0,0.0769,-26.69,-58.6,-27.74
3vyr_complex,B,PHE,111,0,24,H,1.0,0.0,0.0,0.0051,-24.15,-58.5,-30.56
3vyr_complex,B,ALA,112,0,18,H,1.0,0.0,0.0,0.1604,-26.9,-59.94,-32.74
3vyr_complex,B,ASP,113,0,16,H,1.0,0.0,0.0,0.4417,-28.96,-56.81,-31.93
3vyr_complex,B,LEU,114,0,17,H,1.0,0.0,0.0,0.0061,-25.93,-54.72,-32.88
3vyr_complex,B,LYS,115,0,14,H,1.0,0.0,0.0,0.4585,-25.94,-56.5,-36.23
3vyr_complex,B,SER,116,0,11,H,1.0,0.0,0.0,0.7231,-29.65,-55.85,-36.85
3vyr_complex,B,GLU,117,0,9,T,0.0,0.0,1.0,0.4485,-28.96,-52.15,-36.24
3vyr_complex,B,GLY,118,0,8,T,0.0,0.0,1.0,0.5714,-26.65,-52.13,-39.24
3vyr_complex,B,PHE,119,0,19,-,0.0,0.0,1.0,0.0711,-23.21,-52.98,-37.84
3vyr_complex,B,ASP,120,0,15,-,0.0,0.0,1.0,0.2454,-20.77,-55.36,-39.49
3vyr_complex,B,VAL,121,0,21,E,0.0,1.0,0.0,0.0352,-20.73,-58.24,-37.03
3vyr_complex,B,ARG,122,0,19,E,0.0,1.0,0.0,0.3185,-19.27,-61.49,-38.27
3vyr_complex,B,ILE,123,0,17,E,0.0,1.0,0.0,0.4911,-19.29,-64.89,-36.67
3vyr_complex,B,VAL,124,0,16,-,0.0,0.0,1.0,0.0352,-15.88,-66.61,-36.72
3vyr_complex,B,TYR,125,1,11,S,0.0,0.0,1.0,0.9279,-14.51,-69.95,-35.53
3vyr_complex,B,GLY,126,1,16,S,0.0,0.0,1.0,0.2619,-11.11,-68.68,-34.49
3vyr_complex,B,ILE,127,1,25,H,1.0,0.0,0.0,0.0947,-8.81,-65.67,-34.22
3vyr_complex,B,PHE,128,1,15,H,1.0,0.0,0.0,0.4822,-7.12,-66.6,-37.52
3vyr_complex,B,ASP,129,0,15,H,1.0,0.0,0.0,0.2577,-10.42,-65.77,-39.23
3vyr_complex,B,THR,130,0,26,H,1.0,0.0,0.0,0.0,-10.3,-62.31,-37.7
3vyr_complex,B,TYR,131,1,23,H,1.0,0.0,0.0,0.0586,-6.73,-61.99,-38.99
3vyr_complex,B,ARG,132,1,12,H,1.0,0.0,0.0,0.4597,-7.58,-62.75,-42.63
3vyr_complex,B,ILE,133,0,21,H,1.0,0.0,0.0,0.1065,-10.51,-60.34,-42.38
3vyr_complex,B,ALA,134,0,22,H,1.0,0.0,0.0,0.0,-8.09,-57.67,-41.17
3vyr_complex,B,LYS,135,0,16,H,1.0,0.0,0.0,0.4927,-5.89,-58.44,-44.17
3vyr_complex,B,GLU,136,0,11,H,1.0,0.0,0.0,0.7062,-8.75,-58.26,-46.67
3vyr_complex,B,ASN,137,0,14,-,0.0,0.0,1.0,0.1529,-9.98,-54.94,-45.24
3vyr_complex,B,PRO,138,0,13,T,0.0,0.0,1.0,0.7353,-7.04,-52.57,-44.61
3vyr_complex,B,ASP,139,0,12,T,0.0,0.0,1.0,0.7423,-9.49,-49.68,-44.8
3vyr_complex,B,LYS,140,0,17,S,0.0,0.0,1.0,0.2732,-11.32,-50.97,-41.72
3vyr_complex,B,THR,141,0,19,E,0.0,1.0,0.0,0.1831,-10.44,-51.64,-38.08
3vyr_complex,B,VAL,142,0,26,E,0.0,1.0,0.0,0.0,-11.11,-55.32,-37.46
3vyr_complex,B,VAL,143,0,27,E,0.0,1.0,0.0,0.0,-11.65,-56.35,-33.84
3vyr_complex,B,HIS,144,0,28,E,0.0,1.0,0.0,0.0054,-12.37,-59.71,-32.29
3vyr_complex,B,PHE,145,0,23,E,0.0,1.0,0.0,0.0,-14.23,-59.76,-29.0
3vyr_complex,B,SER,146,0,22,E,0.0,1.0,0.0,0.0077,-11.87,-62.27,-27.41
3vyr_complex,B,PRO,147,0,24,E,0.0,1.0,0.0,0.0147,-13.14,-64.45,-24.57
3vyr_complex,B,GLY,148,0,23,E,0.0,1.0,0.0,0.0357,-11.68,-67.81,-23.56
3vyr_complex,B,PHE,149,0,21,-,0.0,0.0,1.0,0.0812,-9.57,-69.86,-21.17
3vyr_complex,B,GLU,150,0,23,H,1.0,0.0,0.0,0.0515,-5.96,-70.88,-21.73
3vyr_complex,B,THR,151,1,17,H,1.0,0.0,0.0,0.3451,-6.78,-73.02,-24.81
3vyr_complex,B,THR,152,1,19,H,1.0,0.0,0.0,0.3592,-8.26,-70.08,-26.66
3vyr_complex,B,THR,153,0,27,H,1.0,0.0,0.0,0.007,-5.86,-67.48,-25.32
3vyr_complex,B,ALA,154,1,23,H,1.0,0.0,0.0,0.1038,-2.87,-69.36,-26.8
3vyr_complex,B,PRO,155,1,17,H,1.0,0.0,0.0,0.4926,-4.08,-69.04,-30.4
3vyr_complex,B,ALA,156,0,26,H,1.0,0.0,0.0,0.0189,-4.88,-65.37,-29.72
3vyr_complex,B,ALA,157,0,22,H,1.0,0.0,0.0,0.0,-1.31,-64.93,-28.45
3vyr_complex,B,GLY,158,1,20,H,1.0,0.0,0.0,0.2262,0.13,-66.67,-31.45
3vyr_complex,B,MET,159,1,18,H,1.0,0.0,0.0,0.1223,-1.88,-64.5,-33.87
3vyr_complex,B,LEU,160,0,26,H,1.0,0.0,0.0,0.0061,-0.9,-61.33,-32.01
3vyr_complex,B,ASN,161,0,16,H,1.0,0.0,0.0,0.2166,2.7,-62.44,-32.42
3vyr_complex,B,VAL,162,1,13,H,1.0,0.0,0.0,0.3169,2.26,-62.72,-36.18
3vyr_complex,B,ALA,163,0,18,H,1.0,0.0,0.0,0.0,0.47,-59.37,-36.36
3vyr_complex,B,ALA,164,0,14,H,1.0,0.0,0.0,0.2453,3.17,-57.58,-34.4
3vyr_complex,B,GLN,165,0,9,H,1.0,0.0,0.0,0.7374,5.83,-58.96,-36.79
3vyr_complex,B,GLU,166,0,9,H,1.0,0.0,0.0,0.4691,4.0,-57.84,-39.92
3vyr_complex,B,GLU,167,0,11,T,0.0,0.0,1.0,0.768,3.0,-54.73,-38.02
3vyr_complex,B,LEU,168,0,16,-,0.0,0.0,1.0,0.1646,-0.69,-55.2,-38.94
3vyr_complex,B,GLU,169,0,16,S,0.0,0.0,1.0,0.8247,-2.46,-52.15,-37.54
3vyr_complex,B,ASN,170,0,22,S,0.0,0.0,1.0,0.1146,-6.16,-52.8,-38.18
3vyr_complex,B,PHE,171,0,28,E,0.0,1.0,0.0,0.0,-6.14,-56.01,-36.1
3vyr_complex,B,LYS,172,0,26,E,0.0,1.0,0.0,0.0683,-7.36,-55.57,-32.5
3vyr_complex,B,ILE,173,0,23,E,0.0,1.0,0.0,0.0,-9.09,-57.58,-29.79
3vyr_complex,B,TYR,174,0,22,E,0.0,1.0,0.0,0.0225,-11.26,-56.87,-26.79
3vyr_complex,B,SER,175,0,23,E,0.0,1.0,0.0,0.0,-9.56,-59.03,-24.21
3vyr_complex,B,VAL,176,0,25,E,0.0,1.0,0.0,0.007,-11.82,-60.9,-21.79
3vyr_complex,B,HIS,177,0,25,E,0.0,1.0,0.0,0.0,-9.57,-63.92,-21.47
3vyr_complex,B,ARG,178,0,29,E,0.0,1.0,0.0,0.0242,-9.65,-65.85,-18.2
3vyr_complex,B,LEU,179,0,22,-,0.0,0.0,1.0,0.1768,-7.51,-68.3,-16.2
3vyr_complex,B,THR,180,0,23,S,0.0,0.0,1.0,0.0282,-9.03,-71.59,-14.93
3vyr_complex,B,PRO,181,0,19,H,1.0,0.0,0.0,0.0588,-7.0,-72.67,-11.85
3vyr_complex,B,PRO,182,0,17,H,1.0,0.0,0.0,0.1544,-7.61,-69.38,-9.97
3vyr_complex,B,ALA,183,0,24,H,1.0,0.0,0.0,0.0094,-11.35,-70.02,-10.41
3vyr_complex,B,VAL,184,0,23,H,1.0,0.0,0.0,0.0211,-11.06,-73.52,-8.97
3vyr_complex,B,GLU,185,0,15,H,1.0,0.0,0.0,0.1443,-9.22,-72.06,-5.97
3vyr_complex,B,VAL,186,0,15,H,1.0,0.0,0.0,0.0845,-11.95,-69.47,-5.39
3vyr_complex,B,LEU,187,0,20,H,1.0,0.0,0.0,0.0,-14.77,-72.01,-5.69
3vyr_complex,B,LEU,188,0,17,H,1.0,0.0,0.0,0.2744,-12.94,-74.14,-3.17
3vyr_complex,B,LYS,189,0,11,H,1.0,0.0,0.0,0.6488,-12.75,-71.21,-0.74
3vyr_complex,B,GLN,190,0,10,T,0.0,0.0,1.0,0.5202,-16.28,-69.91,-1.33
3vyr_complex,B,GLY,191,0,10,T,0.0,0.0,1.0,0.5476,-18.14,-73.08,-0.46
3vyr_complex,B,THR,192,0,17,-,0.0,0.0,1.0,0.0211,-18.35,-75.4,-3.45
3vyr_complex,B,VAL,193,0,17,-,0.0,0.0,1.0,0.5563,-17.54,-78.78,-1.91
3vyr_complex,B,PHE,194,0,18,-,0.0,0.0,1.0,0.066,-15.63,-81.37,-3.88
3vyr_complex,B,GLN,195,0,18,S,0.0,0.0,1.0,0.2677,-13.17,-84.07,-2.79
3vyr_complex,B,GLY,196,0,27,E,0.0,1.0,0.0,0.0,-11.55,-84.47,-6.18
3vyr_complex,B,LEU,197,0,27,E,0.0,1.0,0.0,0.0,-11.04,-82.51,-9.38
3vyr_complex,B,ILE,198,0,26,E,0.0,1.0,0.0,0.0059,-11.13,-83.59,-13.01
3vyr_complex,B,ALA,199,0,29,E,0.0,1.0,0.0,0.0,-8.75,-81.0,-14.43
3vyr_complex,B,PRO,200,0,24,E,0.0,1.0,0.0,0.0074,-9.66,-79.72,-17.94
3vyr_complex,B,GLY,201,0,27,H,1.0,0.0,0.0,0.0,-7.86,-81.71,-20.61
3vyr_complex,B,HIS,202,1,22,H,1.0,0.0,0.0,0.4293,-7.39,-79.04,-23.26
3vyr_complex,B,VAL,203,0,25,H,1.0,0.0,0.0,0.0493,-6.46,-76.3,-20.86
3vyr_complex,B,SER,204,0,28,H,1.0,0.0,0.0,0.0,-3.87,-78.75,-19.47
3vyr_complex,B,THR,205,1,26,H,1.0,0.0,0.0,0.2887,-2.44,-79.19,-22.96
3vyr_complex,B,ILE,206,1,24,H,1.0,0.0,0.0,0.0769,-1.47,-75.53,-22.69
3vyr_complex,B,ILE,207,0,22,H,1.0,0.0,0.0,0.1657,-0.45,-75.15,-19.03
3vyr_complex,B,GLY,208,0,24,T,0.0,0.0,1.0,0.0,0.59,-78.77,-18.42
3vyr_complex,B,VAL,209,0,26,G,1.0,0.0,0.0,0.0634,0.2,-80.86,-15.27
3vyr_complex,B,LYS,210,0,13,G,1.0,0.0,0.0,0.4244,2.57,-78.28,-13.75
3vyr_complex,B,GLY,211,0,17,G,1.0,0.0,0.0,0.25,-0.13,-75.61,-14.01
3vyr_complex,B,TRP,212,0,22,T,0.0,0.0,1.0,0.0,-2.45,-77.53,-11.69
3vyr_complex,B,GLU,213,0,17,H,1.0,0.0,0.0,0.2784,-0.01,-78.85,-9.08
3vyr_complex,B,TYR,214,0,14,H,1.0,0.0,0.0,0.3288,-0.25,-75.91,-6.66
3vyr_complex,B,LEU,215,0,20,H,1.0,0.0,0.0,0.0061,-3.91,-76.71,-5.96
3vyr_complex,B,THR,216,0,16,H,1.0,0.0,0.0,0.0986,-2.91,-80.16,-4.68
3vyr_complex,B,GLU,217,0,13,H,1.0,0.0,0.0,0.7835,0.1,-78.85,-2.72
3vyr_complex,B,LYS,218,0,9,H,1.0,0.0,0.0,0.6,-1.96,-76.06,-1.19
3vyr_complex,B,TYR,219,0,12,H,1.0,0.0,0.0,0.3108,-5.33,-77.68,-0.64
3vyr_complex,B,GLY,220,0,16,-,0.0,0.0,1.0,0.5119,-4.51,-81.37,-0.55
3vyr_complex,B,ILE,221,0,23,-,0.0,0.0,1.0,0.0769,-7.12,-82.23,-3.16
3vyr_complex,B,PRO,222,0,25,-,0.0,0.0,1.0,0.0588,-6.52,-85.13,-5.58
3vyr_complex,B,GLN,223,0,30,E,0.0,1.0,0.0,0.0,-6.68,-84.32,-9.3
3vyr_complex,B,VAL,224,0,28,E,0.0,1.0,0.0,0.0,-6.81,-86.15,-12.59
3vyr_complex,B,VAL,225,0,27,E,0.0,1.0,0.0,0.0,-6.02,-84.36,-15.86
3vyr_complex,B,ALA,226,0,29,E,0.0,1.0,0.0,0.0,-8.54,-85.96,-18.23
3vyr_complex,B,GLY,227,0,28,-,0.0,0.0,1.0,0.0,-9.25,-86.3,-21.93
3vyr_complex,B,PHE,228,1,21,S,0.0,0.0,1.0,0.1218,-12.72,-85.97,-23.42
3vyr_complex,B,GLU,229,1,17,S,0.0,0.0,1.0,0.3402,-13.76,-89.48,-24.45
3vyr_complex,B,PRO,230,0,23,H,1.0,0.0,0.0,0.1397,-16.23,-91.11,-22.09
3vyr_complex,B,ASN,231,0,24,H,1.0,0.0,0.0,0.0064,-13.57,-93.62,-21.05
3vyr_complex,B,ASP,232,0,23,H,1.0,0.0,0.0,0.0,-11.21,-90.74,-20.21
3vyr_complex,B,VAL,233,0,27,H,1.0,0.0,0.0,0.0141,-13.8,-89.36,-17.81
3vyr_complex,B,LEU,234,0,25,H,1.0,0.0,0.0,0.0183,-14.81,-92.77,-16.45
3vyr_complex,B,MET,235,0,23,H,1.0,0.0,0.0,0.2447,-11.11,-93.52,-15.84
3vyr_complex,B,ALA,236,0,25,H,1.0,0.0,0.0,0.0,-10.65,-90.18,-14.09
3vyr_complex,B,ILE,237,0,26,H,1.0,0.0,0.0,0.0,-13.65,-90.86,-11.86
3vyr_complex,B,LEU,238,0,20,H,1.0,0.0,0.0,0.0976,-12.29,-94.32,-11.01
3vyr_complex,B,MET,239,0,19,H,1.0,0.0,0.0,0.2819,-8.86,-92.93,-10.17
3vyr_complex,B,LEU,240,0,28,H,1.0,0.0,0.0,0.0061,-10.24,-90.1,-8.0
3vyr_complex,B,ILE,241,0,23,H,1.0,0.0,0.0,0.0,-12.24,-92.61,-5.98
3vyr_complex,B,ARG,242,0,15,H,1.0,0.0,0.0,0.3952,-9.21,-94.78,-5.29
3vyr_complex,B,MET,243,0,19,H,1.0,0.0,0.0,0.0106,-7.04,-91.81,-4.34
3vyr_complex,B,TYR,244,0,17,H,1.0,0.0,0.0,0.3919,-9.84,-90.56,-2.08
3vyr_complex,B,LYS,245,0,15,H,1.0,0.0,0.0,0.3415,-10.16,-93.97,-0.43
3vyr_complex,B,GLU,246,0,9,T,0.0,0.0,1.0,0.5773,-6.38,-94.39,-0.05
3vyr_complex,B,GLY,247,0,12,T,0.0,0.0,1.0,0.8095,-6.08,-90.87,1.36
3vyr_complex,B,GLU,248,0,13,-,0.0,0.0,1.0,0.3144,-3.73,-89.81,-1.41
3vyr_complex,B,ALA,249,0,17,-,0.0,0.0,1.0,0.5,-3.27,-86.24,-2.54
3vyr_complex,B,ARG,250,0,17,-,0.0,0.0,1.0,0.496,-1.64,-86.14,-5.96
3vyr_complex,B,ILE,251,0,24,E,0.0,1.0,0.0,0.1598,-2.28,-85.3,-9.6
3vyr_complex,B,ILE,252,0,19,E,0.0,1.0,0.0,0.2012,-2.58,-88.11,-12.14
3vyr_complex,B,ASN,253,0,22,E,0.0,1.0,0.0,0.2038,-2.21,-87.35,-15.83
3vyr_complex,B,GLU,254,0,21,T,0.0,0.0,1.0,0.0619,-4.79,-89.67,-17.38
3vyr_complex,B,TYR,255,1,23,T,0.0,0.0,1.0,0.1126,-4.53,-87.57,-20.55
3vyr_complex,B,GLU,256,1,16,T,0.0,0.0,1.0,0.7887,-0.8,-88.31,-20.84
3vyr_complex,B,ARG,257,1,10,T,0.0,0.0,1.0,0.3145,-1.19,-88.87,-24.59
3vyr_complex,B,ALA,258,1,17,T,0.0,0.0,1.0,0.3868,-1.98,-85.19,-25.14
3vyr_complex,B,VAL,259,0,23,-,0.0,0.0,1.0,0.0282,-0.68,-83.42,-22.06
3vyr_complex,B,LYS,260,1,18,-,0.0,0.0,1.0,0.6634,2.97,-82.92,-21.26
3vyr_complex,B,TYR,261,0,16,S,0.0,0.0,1.0,0.509,3.89,-82.31,-17.63
3vyr_complex,B,GLU,262,0,15,S,0.0,0.0,1.0,0.4794,5.46,-78.99,-18.63
3vyr_complex,B,GLY,263,0,19,-,0.0,0.0,1.0,0.0357,2.61,-78.2,-20.99
3vyr_complex,B,ASN,264,1,16,-,0.0,0.0,1.0,0.4013,3.07,-76.3,-24.26
3vyr_complex,B,VAL,265,0,14,H,1.0,0.0,0.0,0.4155,6.02,-74.01,-23.64
3vyr_complex,B,VAL,266,1,11,H,1.0,0.0,0.0,0.7254,5.81,-72.27,-27.0
3vyr_complex,B,ALA,267,1,21,H,1.0,0.0,0.0,0.0849,2.18,-71.36,-26.21
3vyr_complex,B,GLN,268,0,19,H,1.0,0.0,0.0,0.2323,3.01,-70.38,-22.64
3vyr_complex,B,LYS,269,0,14,H,1.0,0.0,0.0,0.7366,5.7,-67.9,-23.69
3vyr_complex,B,MET,270,1,19,H,1.0,0.0,0.0,0.234,3.52,-66.39,-26.36
3vyr_complex,B,ILE,271,0,22,H,1.0,0.0,0.0,0.1598,0.81,-65.78,-23.76
3vyr_complex,B,ASP,272,0,15,H,1.0,0.0,0.0,0.6503,3.22,-64.3,-21.24
3vyr_complex,B,LYS,273,0,17,H,1.0,0.0,0.0,0.4537,4.68,-62.04,-23.91
3vyr_complex,B,PHE,274,0,21,H,1.0,0.0,0.0,0.0,1.42,-60.24,-24.73
3vyr_complex,B,PHE,275,0,21,E,0.0,1.0,0.0,0.0203,-0.76,-60.72,-21.64
3vyr_complex,B,GLU,276,0,14,E,0.0,1.0,0.0,0.4227,-0.62,-59.87,-17.96
3vyr_complex,B,VAL,277,0,17,E,0.0,1.0,0.0,0.5423,-2.72,-61.28,-15.1
3vyr_complex,B,VAL,278,0,15,E,0.0,1.0,0.0,0.2606,-5.27,-59.04,-13.4
3vyr_complex,B,ASP,279,0,14,E,0.0,1.0,0.0,0.589,-8.24,-59.33,-11.09
3vyr_complex,B,ALA,280,0,21,E,0.0,1.0,0.0,0.0943,-11.35,-59.86,-13.18
3vyr_complex,B,LYS,281,0,21,E,0.0,1.0,0.0,0.2488,-15.09,-60.24,-13.12
3vyr_complex,B,TRP,282,0,24,E,0.0,1.0,0.0,0.0,-16.87,-63.53,-13.77
3vyr_complex,B,ARG,283,0,22,T,0.0,0.0,1.0,0.0323,-20.46,-62.93,-14.79
3vyr_complex,B,ALA,284,0,22,T,0.0,0.0,1.0,0.2547,-22.81,-64.1,-12.06
3vyr_complex,B,LEU,285,0,18,T,0.0,0.0,1.0,0.0793,-19.9,-65.23,-9.88
3vyr_complex,B,GLY,286,0,13,E,0.0,1.0,0.0,0.3095,-18.12,-62.08,-8.79
3vyr_complex,B,VAL,287,0,15,E,0.0,1.0,0.0,0.6408,-14.57,-60.79,-8.99
3vyr_complex,B,PHE,288,0,19,E,0.0,1.0,0.0,0.0,-11.9,-63.47,-8.86
3vyr_complex,B,PRO,289,0,14,E,0.0,1.0,0.0,0.5221,-8.44,-62.22,-7.94
3vyr_complex,B,LYS,290,0,15,E,0.0,1.0,0.0,0.7317,-5.67,-62.71,-10.52
3vyr_complex,B,SER,291,0,21,E,0.0,1.0,0.0,0.0,-8.02,-64.59,-12.84
3vyr_complex,B,GLY,292,0,25,E,0.0,1.0,0.0,0.0,-8.07,-62.49,-15.99
3vyr_complex,B,LEU,293,0,25,E,0.0,1.0,0.0,0.0305,-5.85,-61.35,-18.83
3vyr_complex,B,GLU,294,0,20,E,0.0,1.0,0.0,0.299,-5.34,-57.89,-20.35
3vyr_complex,B,LEU,295,0,23,E,0.0,1.0,0.0,0.1098,-2.79,-56.79,-22.94
3vyr_complex,B,ARG,296,0,16,-,0.0,0.0,1.0,0.2379,0.46,-55.45,-21.44
3vyr_complex,B,LYS,297,0,13,G,1.0,0.0,0.0,0.8049,1.23,-51.73,-21.78
3vyr_complex,B,GLU,298,0,10,G,1.0,0.0,0.0,0.6959,3.87,-52.52,-24.4
3vyr_complex,B,TRP,299,0,15,G,1.0,0.0,0.0,0.2687,0.97,-53.83,-26.47
3vyr_complex,B,LYS,300,0,15,G,1.0,0.0,0.0,0.5317,-1.86,-51.42,-25.6
3vyr_complex,B,ASP,301,0,18,G,1.0,0.0,0.0,0.5215,-2.21,-50.83,-29.35
3vyr_complex,B,PHE,302,0,25,G,1.0,0.0,0.0,0.0711,-3.71,-54.28,-29.87
3vyr_complex,B,GLU,303,0,21,B,0.0,1.0,0.0,0.067,-6.56,-53.66,-27.4
3vyr_complex,B,ILE,304,0,22,G,1.0,0.0,0.0,0.0059,-9.54,-51.85,-28.97
3vyr_complex,B,ARG,305,0,17,G,1.0,0.0,0.0,0.2742,-10.25,-50.13,-25.65
3vyr_complex,B,SER,306,0,13,G,1.0,0.0,0.0,0.4769,-6.98,-48.27,-26.07
3vyr_complex,B,PHE,307,0,12,G,1.0,0.0,0.0,0.4721,-8.7,-46.31,-28.86
3vyr_complex,B,TYR,308,0,15,-,0.0,0.0,1.0,0.1081,-12.17,-45.6,-27.46
3vyr_complex,B,LYS,309,0,12,-,0.0,0.0,1.0,0.7756,-13.31,-44.52,-24.03
3vyr_complex,B,VAL,310,0,16,-,0.0,0.0,1.0,0.2535,-16.97,-45.36,-23.43
3vyr_complex,B,GLU,311,0,11,-,0.0,0.0,1.0,0.799,-18.91,-45.39,-20.16
3vyr_complex,B,VAL,312,0,17,-,0.0,0.0,1.0,0.2394,-21.1,-48.44,-19.58
3vyr_complex,B,PRO,313,0,10,-,0.0,0.0,1.0,0.4559,-24.3,-47.65,-17.66
3vyr_complex,B,LYS,314,0,7,S,0.0,0.0,1.0,0.9122,-23.8,-48.59,-14.03
3vyr_complex,B,ASN,315,0,7,-,0.0,0.0,1.0,1.0,-25.77,-51.32,-12.23
3vyr_complex,B,LEU,316,0,13,-,0.0,0.0,1.0,0.1951,-26.52,-53.65,-15.14
3vyr_complex,B,PRO,317,0,13,-,0.0,0.0,1.0,0.5735,-27.57,-56.93,-13.5
3vyr_complex,B,ASP,318,0,23,S,0.0,0.0,1.0,0.1963,-25.45,-59.96,-14.46
3vyr_complex,B,LEU,319,0,19,S,0.0,0.0,1.0,0.2378,-28.54,-62.15,-14.91
3vyr_complex,B,GLU,320,0,14,-,0.0,0.0,1.0,0.5155,-32.24,-61.84,-15.63
3vyr_complex,B,LYS,321,0,9,T,0.0,0.0,1.0,1.0,-34.56,-62.39,-12.66
3vyr_complex,B,GLY,322,0,11,T,0.0,0.0,1.0,0.5238,-35.05,-66.07,-11.89
3vyr_complex,B,CYS,323,0,21,-,0.0,0.0,1.0,0.2,-31.92,-67.42,-13.6
3vyr_complex,B,ARG,324,0,24,-,0.0,0.0,1.0,0.4153,-29.81,-69.79,-11.43
3vyr_complex,B,CYS,325,0,30,H,1.0,0.0,0.0,0.0222,-26.88,-69.85,-13.89
3vyr_complex,B,GLY,326,0,23,H,1.0,0.0,0.0,0.1429,-24.75,-68.63,-10.99
3vyr_complex,B,ALA,327,0,19,H,1.0,0.0,0.0,0.1604,-25.58,-71.73,-8.95
3vyr_complex,B,VAL,328,0,23,H,1.0,0.0,0.0,0.0141,-25.1,-73.89,-12.03
3vyr_complex,B,LEU,329,0,28,H,1.0,0.0,0.0,0.0183,-21.73,-72.34,-12.8
3vyr_complex,B,ARG,330,0,27,T,0.0,0.0,1.0,0.1573,-20.62,-72.89,-9.18
3vyr_complex,B,GLY,331,0,23,T,0.0,0.0,1.0,0.0714,-21.65,-76.53,-9.27
3vyr_complex,B,LEU,332,0,17,S,0.0,0.0,1.0,0.561,-24.16,-75.86,-6.53
3vyr_complex,B,ALA,333,0,17,-,0.0,0.0,1.0,0.0755,-27.08,-76.79,-8.79
3vyr_complex,B,LEU,334,0,20,-,0.0,0.0,1.0,0.2317,-27.89,-78.5,-12.06
3vyr_complex,B,PRO,335,0,27,G,1.0,0.0,0.0,0.0,-30.05,-76.98,-14.78
3vyr_complex,B,THR,336,0,16,G,1.0,0.0,0.0,0.1831,-32.91,-79.21,-13.7
3vyr_complex,B,ASP,337,0,13,G,1.0,0.0,0.0,0.5215,-32.86,-77.47,-10.31
3vyr_complex,B,CYS,338,0,18,-,0.0,0.0,1.0,0.1481,-33.96,-74.35,-12.14
3vyr_complex,B,PRO,339,0,13,T,0.0,0.0,1.0,0.6618,-37.69,-73.55,-12.33
3vyr_complex,B,LEU,340,0,17,T,0.0,0.0,1.0,0.2378,-37.17,-71.9,-15.73
3vyr_complex,B,PHE,341,0,23,B,0.0,1.0,0.0,0.1218,-35.21,-74.74,-17.35
3vyr_complex,B,GLY,342,0,21,T,0.0,0.0,1.0,0.4286,-37.11,-76.16,-20.32
3vyr_complex,B,LYS,343,0,10,T,0.0,0.0,1.0,0.722,-40.06,-73.83,-19.95
3vyr_complex,B,THR,344,0,11,T,0.0,0.0,1.0,0.5915,-39.31,-70.15,-20.16
3vyr_complex,B,CYS,345,0,21,B,0.0,1.0,0.0,0.0889,-35.62,-70.83,-20.84
3vyr_complex,B,THR,346,0,18,-,0.0,0.0,1.0,0.0423,-34.57,-72.8,-23.92
3vyr_complex,B,PRO,347,0,19,S,0.0,0.0,1.0,0.3603,-31.91,-72.46,-26.64
3vyr_complex,B,ARG,348,0,9,S,0.0,0.0,1.0,0.9274,-34.66,-70.88,-28.77
3vyr_complex,B,HIS,349,0,12,S,0.0,0.0,1.0,0.5543,-35.74,-68.39,-26.09
3vyr_complex,B,PRO,350,0,21,-,0.0,0.0,1.0,0.3088,-32.94,-68.36,-23.51
3vyr_complex,B,VAL,351,0,23,S,0.0,0.0,1.0,0.0845,-33.08,-66.46,-20.23
3vyr_complex,B,GLY,352,0,28,S,0.0,0.0,1.0,0.0238,-29.48,-66.82,-19.09
3vyr_complex,B,PRO,353,0,32,H,1.0,0.0,0.0,0.0074,-26.0,-67.21,-20.65
3vyr_complex,B,CYS,354,0,29,H,1.0,0.0,0.0,0.0148,-25.72,-70.84,-19.48
3vyr_complex,B,MET,355,0,29,H,1.0,0.0,0.0,0.0106,-28.42,-71.74,-22.04
3vyr_complex,B,VAL,356,0,28,H,1.0,0.0,0.0,0.0845,-26.97,-69.76,-24.94
3vyr_complex,B,SER,357,0,26,S,0.0,0.0,1.0,0.0,-23.34,-70.97,-24.75
3vyr_complex,B,TYR,358,0,23,T,0.0,0.0,1.0,0.5811,-22.19,-74.08,-26.57
3vyr_complex,B,GLU,359,0,23,T,0.0,0.0,1.0,0.299,-20.3,-75.06,-23.38
3vyr_complex,B,GLY,360,0,32,-,0.0,0.0,1.0,0.0,-23.22,-74.0,-21.16
3vyr_complex,B,THR,361,0,32,H,1.0,0.0,0.0,0.0563,-24.35,-76.72,-18.79
3vyr_complex,B,CYS,362,0,29,H,1.0,0.0,0.0,0.1037,-27.98,-75.72,-19.35
3vyr_complex,B,GLN,363,0,24,H,1.0,0.0,0.0,0.1667,-27.76,-75.91,-23.11
3vyr_complex,B,ILE,364,0,26,H,1.0,0.0,0.0,0.0,-25.98,-79.24,-22.81
3vyr_complex,B,PHE,365,0,22,H,1.0,0.0,0.0,0.0254,-28.76,-80.64,-20.59
3vyr_complex,B,TYR,366,0,20,H,1.0,0.0,0.0,0.4505,-31.44,-79.28,-22.91
3vyr_complex,B,LYS,367,0,16,H,1.0,0.0,0.0,0.4683,-29.76,-80.54,-26.09
3vyr_complex,B,TYR,368,0,13,T,0.0,0.0,1.0,0.2883,-29.59,-84.12,-24.77
3vyr_complex,B,GLY,369,0,12,T,0.0,0.0,1.0,0.5952,-33.22,-84.16,-23.68
3vyr_complex,B,VAL,370,0,15,-,0.0,0.0,1.0,0.2324,-32.44,-84.23,-19.95
3vyr_complex,B,LEU,371,0,10,-,0.0,0.0,1.0,0.9207,-35.85,-83.6,-18.37
3vyr_complex,B,PHE,372,0,8,-,0.0,0.0,1.0,0.9949,-34.73,-84.94,-14.99
